      1  5.02440957e+000  5.02440957e+000
      2  4.93484287e+000  4.97962622e+000
      3  4.95716891e+000  4.97214045e+000
      4  5.00244324e+000  4.97971615e+000
      5  5.10216801e+000  5.00420652e+000
      6  5.08821208e+000  5.01820745e+000
      7  5.02744096e+000  5.01952652e+000
      8  4.99271533e+000  5.01617512e+000
      9  4.92954629e+000  5.00654970e+000
     10  5.08752582e+000  5.01464731e+000
     11  5.04988453e+000  5.01785069e+000
     12  5.15212533e+000  5.02904025e+000
     13  5.04879882e+000  5.03056014e+000
     14  4.85632638e+000  5.01811487e+000
     15  4.91303389e+000  5.01110947e+000
     16  4.88384250e+000  5.00315528e+000
     17  4.92225750e+000  4.99839659e+000
     18  4.99879513e+000  4.99841873e+000
     19  5.05780137e+000  5.00154413e+000
     20  4.98957270e+000  5.00094556e+000
     21  4.84535101e+000  4.99353630e+000
     22  5.26553744e+000  5.00589999e+000
     23  5.08306783e+000  5.00925511e+000
     24  4.97294109e+000  5.00774203e+000
     25  5.00386396e+000  5.00758690e+000
     26  5.12410758e+000  5.01206847e+000
     27  5.03221357e+000  5.01281458e+000
     28  4.96442610e+000  5.01108642e+000
     29  4.81942094e+000  5.00447727e+000
     30  4.88298180e+000  5.00042742e+000
     31  4.85387692e+000  4.99569998e+000
     32  5.03025570e+000  4.99677985e+000
     33  5.11121570e+000  5.00024760e+000
     34  5.23627588e+000  5.00718961e+000
     35  4.83235869e+000  5.00219444e+000
     36  4.82815254e+000  4.99735994e+000
     37  4.87524883e+000  4.99405964e+000
     38  4.99094006e+000  4.99397755e+000
     39  4.78288140e+000  4.98856483e+000
     40  4.91853063e+000  4.98681397e+000
     41  5.03776123e+000  4.98805659e+000
     42  5.10556997e+000  4.99085453e+000
     43  4.83521803e+000  4.98723507e+000
     44  4.92883188e+000  4.98590773e+000
     45  4.89922970e+000  4.98398155e+000
     46  4.87899252e+000  4.98169918e+000
     47  4.87958672e+000  4.97952657e+000
     48  5.12242009e+000  4.98250352e+000
     49  4.83065983e+000  4.97940467e+000
     50  5.06768455e+000  4.98117027e+000
     51  4.82223500e+000  4.97805389e+000
     52  5.03508741e+000  4.97915069e+000
     53  4.89453209e+000  4.97755411e+000
     54  5.01400884e+000  4.97822920e+000
     55  4.86416244e+000  4.97615526e+000
     56  5.06550953e+000  4.97775087e+000
     57  5.05854096e+000  4.97916824e+000
     58  4.99766327e+000  4.97948712e+000
     59  5.16580388e+000  4.98264503e+000
     60  5.07402741e+000  4.98416807e+000
     61  4.99423155e+000  4.98433305e+000
     62  4.86352060e+000  4.98238446e+000
     63  4.91714582e+000  4.98134892e+000
     64  5.02906117e+000  4.98209443e+000
     65  5.16085037e+000  4.98484452e+000
     66  5.00171524e+000  4.98510014e+000
     67  4.94652538e+000  4.98452439e+000
     68  5.02921735e+000  4.98518164e+000
     69  4.97207232e+000  4.98499165e+000
     70  4.84273513e+000  4.98295942e+000
     71  4.96144937e+000  4.98265646e+000
     72  4.91161922e+000  4.98166983e+000
     73  4.97146327e+000  4.98153002e+000
     74  5.05000490e+000  4.98245535e+000
     75  5.12279504e+000  4.98432655e+000
     76  5.12693706e+000  4.98620300e+000
     77  5.00878082e+000  4.98649622e+000
     78  4.95220016e+000  4.98605653e+000
     79  5.06988286e+000  4.98711762e+000
     80  5.06382768e+000  4.98807650e+000
     81  5.07483570e+000  4.98914760e+000
     82  5.03240330e+000  4.98967511e+000
     83  5.16925454e+000  4.99183871e+000
     84  5.24490804e+000  4.99485144e+000
     85  4.98206361e+000  4.99470100e+000
     86  5.02002507e+000  4.99499546e+000
     87  4.93519512e+000  4.99430810e+000
     88  4.99761689e+000  4.99434570e+000
     89  4.96037091e+000  4.99396396e+000
     90  4.92402375e+000  4.99318685e+000
     91  4.86224523e+000  4.99174793e+000
     92  4.94265536e+000  4.99121432e+000
     93  4.98002084e+000  4.99109396e+000
     94  4.92101345e+000  4.99034842e+000
     95  4.87618504e+000  4.98914670e+000
     96  4.90931864e+000  4.98831516e+000
     97  5.06902913e+000  4.98914726e+000
     98  5.08567625e+000  4.99013225e+000
     99  5.07709386e+000  4.99101065e+000
    100  5.13312942e+000  4.99243184e+000
    101  4.79799490e+000  4.99050672e+000
    102  5.09578756e+000  4.99153888e+000
    103  5.16683954e+000  4.99324083e+000
    104  4.93640402e+000  4.99269432e+000
    105  5.08847617e+000  4.99360653e+000
    106  4.81838992e+000  4.99195355e+000
    107  5.07690122e+000  4.99274745e+000
    108  5.03273519e+000  4.99311771e+000
    109  4.87051188e+000  4.99199288e+000
    110  5.07184950e+000  4.99271885e+000
    111  5.18529061e+000  4.99445373e+000
    112  4.92485968e+000  4.99383236e+000
    113  5.05429636e+000  4.99436744e+000
    114  4.98420614e+000  4.99427830e+000
    115  4.96539758e+000  4.99402717e+000
    116  5.16852860e+000  4.99553149e+000
    117  5.02694477e+000  4.99579998e+000
    118  4.98332998e+000  4.99569430e+000
    119  4.94293433e+000  4.99525094e+000
    120  5.13201731e+000  4.99639066e+000
    121  5.07323667e+000  4.99702575e+000
    122  4.86088496e+000  4.99590984e+000
    123  5.13609092e+000  4.99704953e+000
    124  4.80988912e+000  4.99554017e+000
    125  4.98114038e+000  4.99542497e+000
    126  5.00727591e+000  4.99551902e+000
    127  5.04397872e+000  4.99590060e+000
    128  4.91052689e+000  4.99523361e+000
    129  5.14950170e+000  4.99642949e+000
    130  4.93494050e+000  4.99595650e+000
    131  4.87995221e+000  4.99507097e+000
    132  4.89687372e+000  4.99432705e+000
    133  5.13158607e+000  4.99535907e+000
    134  4.90386576e+000  4.99467629e+000
    135  5.00587509e+000  4.99475924e+000
    136  4.98777671e+000  4.99470790e+000
    137  4.98167586e+000  4.99461278e+000
    138  5.12951485e+000  4.99559033e+000
    139  4.89481067e+000  4.99486529e+000
    140  5.02227126e+000  4.99506105e+000
    141  4.87125070e+000  4.99418296e+000
    142  5.10219965e+000  4.99494364e+000
    143  4.88111103e+000  4.99414761e+000
    144  5.02869008e+000  4.99438749e+000
    145  5.11265593e+000  4.99520313e+000
    146  4.98028587e+000  4.99510096e+000
    147  4.86339550e+000  4.99420501e+000
    148  5.00924173e+000  4.99430660e+000
    149  4.93958360e+000  4.99393934e+000
    150  4.92827207e+000  4.99350155e+000
    151  4.78695750e+000  4.99213371e+000
    152  4.71219292e+000  4.99029200e+000
    153  4.94390261e+000  4.98998880e+000
    154  4.92444574e+000  4.98956319e+000
    155  5.00066526e+000  4.98963482e+000
    156  4.98833767e+000  4.98962651e+000
    157  4.91789467e+000  4.98916961e+000
    158  4.91548271e+000  4.98870324e+000
    159  4.88299841e+000  4.98803843e+000
    160  5.05735937e+000  4.98847169e+000
    161  5.04827922e+000  4.98884316e+000
    162  4.94677588e+000  4.98858349e+000
    163  4.87060086e+000  4.98785967e+000
    164  4.79065484e+000  4.98665720e+000
    165  4.96700382e+000  4.98653809e+000
    166  4.81583799e+000  4.98550977e+000
    167  5.01409115e+000  4.98568092e+000
    168  4.97591229e+000  4.98562277e+000
    169  5.03808789e+000  4.98593322e+000
    170  5.05113553e+000  4.98631676e+000
    171  5.04971293e+000  4.98668750e+000
    172  4.98285657e+000  4.98666523e+000
    173  4.80345721e+000  4.98560622e+000
    174  4.84550265e+000  4.98480103e+000
    175  5.02911490e+000  4.98505425e+000
    176  5.04751538e+000  4.98540914e+000
    177  4.90139518e+000  4.98493449e+000
    178  4.90218319e+000  4.98446959e+000
    179  5.04089381e+000  4.98478481e+000
    180  5.12324338e+000  4.98555403e+000
    181  5.20310287e+000  4.98675595e+000
    182  4.92462121e+000  4.98641455e+000
    183  4.88888884e+000  4.98588163e+000
    184  4.75578966e+000  4.98463113e+000
    185  4.86728260e+000  4.98399681e+000
    186  4.93847772e+000  4.98375208e+000
    187  4.98028215e+000  4.98373353e+000
    188  4.98384855e+000  4.98373414e+000
    189  5.08320404e+000  4.98426044e+000
    190  5.08157041e+000  4.98477259e+000
    191  5.16657652e+000  4.98572445e+000
    192  4.92798529e+000  4.98542372e+000
    193  4.89782118e+000  4.98496982e+000
    194  5.11987184e+000  4.98566519e+000
    195  4.92545465e+000  4.98535642e+000
    196  5.03645543e+000  4.98561713e+000
    197  4.89835461e+000  4.98517417e+000
    198  5.12316229e+000  4.98587108e+000
    199  5.27009900e+000  4.98729936e+000
    200  4.93667873e+000  4.98704626e+000
    201  4.91285961e+000  4.98667717e+000
    202  5.00540729e+000  4.98676990e+000
    203  5.09626554e+000  4.98730928e+000
    204  5.12514602e+000  4.98798495e+000
    205  5.22364736e+000  4.98913453e+000
    206  5.16268376e+000  4.98997700e+000
    207  4.89212345e+000  4.98950428e+000
    208  5.20975469e+000  4.99056317e+000
    209  4.98962225e+000  4.99055867e+000
    210  4.95297087e+000  4.99037968e+000
    211  5.08808760e+000  4.99084275e+000
    212  4.94121166e+000  4.99060864e+000
    213  4.95523022e+000  4.99044255e+000
    214  5.18544906e+000  4.99135379e+000
    215  5.02204921e+000  4.99149656e+000
    216  5.02758966e+000  4.99166366e+000
    217  5.05947662e+000  4.99197616e+000
    218  5.26042746e+000  4.99320759e+000
    219  5.01346684e+000  4.99330010e+000
    220  4.81274793e+000  4.99247941e+000
    221  5.15730259e+000  4.99322521e+000
    222  5.04003757e+000  4.99343608e+000
    223  5.19844427e+000  4.99435540e+000
    224  5.14558587e+000  4.99503053e+000
    225  5.05708883e+000  4.99530635e+000
    226  4.90507637e+000  4.99490710e+000
    227  4.86685510e+000  4.99434300e+000
    228  5.24431995e+000  4.99543939e+000
    229  5.02150641e+000  4.99555322e+000
    230  5.10553896e+000  4.99603141e+000
    231  4.99260616e+000  4.99601659e+000
    232  4.88562761e+000  4.99554077e+000
    233  4.89666823e+000  4.99511643e+000
    234  4.90414400e+000  4.99472766e+000
    235  4.80509969e+000  4.99392073e+000
    236  5.00042273e+000  4.99394828e+000
    237  5.25350139e+000  4.99504344e+000
    238  5.00845737e+000  4.99509980e+000
    239  4.92471091e+000  4.99480529e+000
    240  5.24801200e+000  4.99586031e+000
    241  5.11080230e+000  4.99633725e+000
    242  5.11984237e+000  4.99684760e+000
    243  4.90762041e+000  4.99648041e+000
    244  5.21365263e+000  4.99737046e+000
    245  5.08009017e+000  4.99770810e+000
    246  4.81829859e+000  4.99697879e+000
    247  4.98940329e+000  4.99694812e+000
    248  4.91451162e+000  4.99661571e+000
    249  4.94566121e+000  4.99641108e+000
    250  5.17062899e+000  4.99710795e+000
    251  4.86408726e+000  4.99657799e+000
    252  4.83226702e+000  4.99592596e+000
    253  5.08903670e+000  4.99629398e+000
    254  5.03992251e+000  4.99646575e+000
    255  5.12892220e+000  4.99698519e+000
    256  5.21795240e+000  4.99784834e+000
    257  5.16107864e+000  4.99848348e+000
    258  5.02253388e+000  4.99857670e+000
    259  5.03038059e+000  4.99869949e+000
    260  5.04475629e+000  4.99887663e+000
    261  5.06784726e+000  4.99914089e+000
    262  5.15654088e+000  4.99974165e+000
    263  5.17598227e+000  5.00041177e+000
    264  4.88493505e+000  4.99997436e+000
    265  5.03853876e+000  5.00011988e+000
    266  5.06623398e+000  5.00036843e+000
    267  5.17226697e+000  5.00101225e+000
    268  5.24166675e+000  5.00191021e+000
    269  4.80665649e+000  5.00118436e+000
    270  4.83253621e+000  5.00055974e+000
    271  4.84156077e+000  4.99997303e+000
    272  4.85283298e+000  4.99943207e+000
    273  5.06422581e+000  4.99966941e+000
    274  4.84051638e+000  4.99908856e+000
    275  4.86463271e+000  4.99859963e+000
    276  4.87220061e+000  4.99814166e+000
    277  5.01054417e+000  4.99818644e+000
    278  5.20414957e+000  4.99892731e+000
    279  4.95262002e+000  4.99876133e+000
    280  4.91677853e+000  4.99846854e+000
    281  5.22123014e+000  4.99926128e+000
    282  4.81990825e+000  4.99862528e+000
    283  4.76328069e+000  4.99779367e+000
    284  5.15090837e+000  4.99833281e+000
    285  5.03129933e+000  4.99844848e+000
    286  5.10439732e+000  4.99881893e+000
    287  5.09809720e+000  4.99916485e+000
    288  4.91733818e+000  4.99888073e+000
    289  4.88173122e+000  4.99847537e+000
    290  4.98945905e+000  4.99844428e+000
    291  4.84963401e+000  4.99793290e+000
    292  4.88315870e+000  4.99753984e+000
    293  4.94710092e+000  4.99736769e+000
    294  4.96894516e+000  4.99727102e+000
    295  5.33658931e+000  4.99842125e+000
    296  5.03846950e+000  4.99855655e+000
    297  5.15993334e+000  4.99909990e+000
    298  5.14497528e+000  4.99958942e+000
    299  4.98133263e+000  4.99952836e+000
    300  4.98776404e+000  4.99948914e+000
    301  4.98803222e+000  4.99945108e+000
    302  4.91606286e+000  4.99917496e+000
    303  4.99231572e+000  4.99915232e+000
    304  5.07865794e+000  4.99941386e+000
    305  5.06837818e+000  4.99963997e+000
    306  4.91155878e+000  4.99935212e+000
    307  4.92955716e+000  4.99912478e+000
    308  4.92579131e+000  4.99888668e+000
    309  5.16372094e+000  4.99942012e+000
    310  4.81733204e+000  4.99883274e+000
    311  4.92616222e+000  4.99859908e+000
    312  4.90096365e+000  4.99828614e+000
    313  4.96526609e+000  4.99818065e+000
    314  5.21848972e+000  4.99888227e+000
    315  5.08917472e+000  4.99916891e+000
    316  5.10026321e+000  4.99948883e+000
    317  5.07109442e+000  4.99971471e+000
    318  5.04654444e+000  4.99986198e+000
    319  4.99059879e+000  4.99983294e+000
    320  5.01942179e+000  4.99989415e+000
    321  4.94694977e+000  4.99972922e+000
    322  5.07172068e+000  4.99995279e+000
    323  4.97262335e+000  4.99986818e+000
    324  4.88809893e+000  4.99952322e+000
    325  4.86852119e+000  4.99912013e+000
    326  4.81667434e+000  4.99856048e+000
    327  5.11593716e+000  4.99891943e+000
    328  5.08698074e+000  4.99918791e+000
    329  5.07565251e+000  4.99942033e+000
    330  4.93460293e+000  4.99922391e+000
    331  5.00094394e+000  4.99922911e+000
    332  5.07776024e+000  4.99946565e+000
    333  4.91842715e+000  4.99922229e+000
    334  4.90826878e+000  4.99894997e+000
    335  4.61974043e+000  4.99781800e+000
    336  5.17260463e+000  4.99833820e+000
    337  5.17412962e+000  4.99885984e+000
    338  5.09211732e+000  4.99913575e+000
    339  4.85554196e+000  4.99871217e+000
    340  5.07432390e+000  4.99893456e+000
    341  4.82924565e+000  4.99843693e+000
    342  4.82579162e+000  4.99793212e+000
    343  5.16497405e+000  4.99841913e+000
    344  4.80129020e+000  4.99784608e+000
    345  5.04491376e+000  4.99798251e+000
    346  4.91234867e+000  4.99773501e+000
    347  5.02599310e+000  4.99781644e+000
    348  5.19244133e+000  4.99837571e+000
    349  5.07883224e+000  4.99860625e+000
    350  5.08710356e+000  4.99885909e+000
    351  4.78069448e+000  4.99823754e+000
    352  5.20249609e+000  4.99881782e+000
    353  4.95237218e+000  4.99868625e+000
    354  4.94910752e+000  4.99854620e+000
    355  5.17988895e+000  4.99905702e+000
    356  5.04979716e+000  4.99919955e+000
    357  4.96460766e+000  4.99910265e+000
    358  4.99804059e+000  4.99909969e+000
    359  5.11034335e+000  4.99940956e+000
    360  5.10280158e+000  4.99969676e+000
    361  5.30881613e+000  5.00055304e+000
    362  4.84551800e+000  5.00012477e+000
    363  4.92865247e+000  4.99992788e+000
    364  4.92248277e+000  4.99971512e+000
    365  5.13662600e+000  5.00009021e+000
    366  5.12795146e+000  5.00043956e+000
    367  4.89933296e+000  5.00016407e+000
    368  5.02756660e+000  5.00023853e+000
    369  5.16416637e+000  5.00068278e+000
    370  5.11152414e+000  5.00098235e+000
    371  4.95543900e+000  5.00085959e+000
    372  5.10296216e+000  5.00113406e+000
    373  4.98797651e+000  5.00109879e+000
    374  4.96046159e+000  5.00099013e+000
    375  4.86150926e+000  5.00061818e+000
    376  4.83328581e+000  5.00017315e+000
    377  4.78114699e+000  4.99959218e+000
    378  4.90981549e+000  4.99935467e+000
    379  5.10786459e+000  4.99964098e+000
    380  5.26823615e+000  5.00034781e+000
    381  5.08383994e+000  5.00056695e+000
    382  5.01260643e+000  5.00059846e+000
    383  4.93246862e+000  5.00042058e+000
    384  4.95243031e+000  5.00029561e+000
    385  5.00827174e+000  5.00031632e+000
    386  5.03132655e+000  5.00039666e+000
    387  4.94722878e+000  5.00025928e+000
    388  5.18579056e+000  5.00073745e+000
    389  4.97724223e+000  5.00067705e+000
    390  4.87329822e+000  5.00035044e+000
    391  5.26184752e+000  5.00101923e+000
    392  5.07371088e+000  5.00120467e+000
    393  5.00173374e+000  5.00120601e+000
    394  4.77303741e+000  5.00062690e+000
    395  4.83629373e+000  5.00021087e+000
    396  4.90030518e+000  4.99995858e+000
    397  4.84843467e+000  4.99957691e+000
    398  5.31108337e+000  5.00035959e+000
    399  4.87672286e+000  5.00004972e+000
    400  4.86408684e+000  4.99970982e+000
    401  4.90288069e+000  4.99946835e+000
    402  4.96897640e+000  4.99939250e+000
    403  5.16017893e+000  4.99979147e+000
    404  5.15478828e+000  5.00017513e+000
    405  5.17110720e+000  5.00059718e+000
    406  5.00450679e+000  5.00060681e+000
    407  5.04998590e+000  5.00072813e+000
    408  5.18907021e+000  5.00118976e+000
    409  5.23069464e+000  5.00175089e+000
    410  5.13923252e+000  5.00208622e+000
    411  5.24216962e+000  5.00267036e+000
    412  4.96313667e+000  5.00257440e+000
    413  5.13767911e+000  5.00290153e+000
    414  5.07721710e+000  5.00308104e+000
    415  4.82380374e+000  5.00264905e+000
    416  5.12482609e+000  5.00294274e+000
    417  5.21255086e+000  5.00344540e+000
    418  4.84054395e+000  5.00305568e+000
    419  4.97312662e+000  5.00298425e+000
    420  5.18504671e+000  5.00341774e+000
    421  5.06896361e+000  5.00357343e+000
    422  4.89547609e+000  5.00331727e+000
    423  5.09188383e+000  5.00352665e+000
    424  4.72615843e+000  5.00287248e+000
    425  5.06855356e+000  5.00302702e+000
    426  4.99667099e+000  5.00301210e+000
    427  5.04646685e+000  5.00311387e+000
    428  5.01316076e+000  5.00313734e+000
    429  5.17241604e+000  5.00353193e+000
    430  4.99502621e+000  5.00351215e+000
    431  5.03706423e+000  5.00359000e+000
    432  5.11645078e+000  5.00385125e+000
    433  4.86847069e+000  5.00353859e+000
    434  4.96624021e+000  5.00345265e+000
    435  5.01474064e+000  5.00347860e+000
    436  5.16537890e+000  5.00384993e+000
    437  4.94889868e+000  5.00372419e+000
    438  4.82617230e+000  5.00331882e+000
    439  4.90772875e+000  5.00310107e+000
    440  5.14838494e+000  5.00343126e+000
    441  4.84979300e+000  5.00308288e+000
    442  4.87506022e+000  5.00279323e+000
    443  4.87352257e+000  5.00250142e+000
    444  5.14573586e+000  5.00282402e+000
    445  4.97771825e+000  5.00276761e+000
    446  4.81749663e+000  5.00235220e+000
    447  4.92609951e+000  5.00218161e+000
    448  4.75379825e+000  5.00162719e+000
    449  4.73905100e+000  5.00104238e+000
    450  5.03340839e+000  5.00111431e+000
    451  5.08104674e+000  5.00129154e+000
    452  5.11097540e+000  5.00153421e+000
    453  5.13603197e+000  5.00183111e+000
    454  5.00388280e+000  5.00183563e+000
    455  4.92301834e+000  5.00166240e+000
    456  4.82423574e+000  5.00127331e+000
    457  4.88813870e+000  5.00102575e+000
    458  4.97490904e+000  5.00096873e+000
    459  4.93739862e+000  5.00083023e+000
    460  4.87082824e+000  5.00054762e+000
    461  5.27051385e+000  5.00113323e+000
    462  4.84430072e+000  5.00079376e+000
    463  4.92184656e+000  5.00062325e+000
    464  4.82604216e+000  5.00024700e+000
    465  4.87713069e+000  4.99998223e+000
    466  5.01429151e+000  5.00001294e+000
    467  5.00967130e+000  5.00003362e+000
    468  5.13676220e+000  5.00032578e+000
    469  5.03247144e+000  5.00039432e+000
    470  5.08813676e+000  5.00058100e+000
    471  4.99107112e+000  5.00056081e+000
    472  5.03205261e+000  5.00062753e+000
    473  5.24327784e+000  5.00114054e+000
    474  5.13973685e+000  5.00143293e+000
    475  5.11784196e+000  5.00167800e+000
    476  5.14208416e+000  5.00197298e+000
    477  5.02866536e+000  5.00202893e+000
    478  5.02329785e+000  5.00207343e+000
    479  5.01295488e+000  5.00209615e+000
    480  4.70636556e+000  5.00148004e+000
    481  5.15703050e+000  5.00180343e+000
    482  5.06612528e+000  5.00193688e+000
    483  5.09604566e+000  5.00213172e+000
    484  4.92877185e+000  5.00198015e+000
    485  5.26977192e+000  5.00253230e+000
    486  5.14993077e+000  5.00283559e+000
    487  4.94180611e+000  5.00271027e+000
    488  5.15464928e+000  5.00302162e+000
    489  5.18053410e+000  5.00338463e+000
    490  4.90023765e+000  5.00317413e+000
    491  4.96221420e+000  5.00309071e+000
    492  5.08579683e+000  5.00325881e+000
    493  4.84684431e+000  5.00294154e+000
    494  4.98948967e+000  5.00291431e+000
    495  5.04241007e+000  5.00299410e+000
    496  5.01447974e+000  5.00301725e+000
    497  5.10558708e+000  5.00322363e+000
    498  5.20685978e+000  5.00363254e+000
    499  4.96321146e+000  5.00355154e+000
    500  4.93041499e+000  5.00340526e+000
    501  5.03963204e+000  5.00347757e+000
    502  5.00531104e+000  5.00348122e+000
    503  4.79808407e+000  5.00307288e+000
    504  4.96415247e+000  5.00299566e+000
    505  4.97041778e+000  5.00293115e+000
    506  5.03224220e+000  5.00298907e+000
    507  5.07194991e+000  5.00312509e+000
    508  4.99389324e+000  5.00310692e+000
    509  5.09795959e+000  5.00329327e+000
    510  4.97731309e+000  5.00324233e+000
    511  5.18971729e+000  5.00360725e+000
    512  5.11945504e+000  5.00383351e+000
    513  5.11630754e+000  5.00405276e+000
    514  4.90645348e+000  5.00386288e+000
    515  4.90116272e+000  5.00366346e+000
    516  4.92792753e+000  5.00351669e+000
    517  5.00966776e+000  5.00352858e+000
    518  4.79341155e+000  5.00312295e+000
    519  5.02628216e+000  5.00316758e+000
    520  5.14737651e+000  5.00344490e+000
    521  5.13061447e+000  5.00368899e+000
    522  4.82929271e+000  5.00335490e+000
    523  5.07767816e+000  5.00349700e+000
    524  5.02771561e+000  5.00354322e+000
    525  5.08019463e+000  5.00368923e+000
    526  5.11115187e+000  5.00389353e+000
    527  4.92533171e+000  5.00374445e+000
    528  4.78279966e+000  5.00332600e+000
    529  4.98906266e+000  5.00329904e+000
    530  5.08252142e+000  5.00344851e+000
    531  4.96765721e+000  5.00338111e+000
    532  4.97261272e+000  5.00332327e+000
    533  4.94082965e+000  5.00320602e+000
    534  5.01903697e+000  5.00323567e+000
    535  4.97523701e+000  5.00318334e+000
    536  4.99704832e+000  5.00317189e+000
    537  4.89528103e+000  5.00297098e+000
    538  4.87845642e+000  5.00273954e+000
    539  5.06104919e+000  5.00284772e+000
    540  5.00301720e+000  5.00284803e+000
    541  4.98138181e+000  5.00280835e+000
    542  5.18946134e+000  5.00315273e+000
    543  4.84919195e+000  5.00286919e+000
    544  4.87186182e+000  5.00262837e+000
    545  5.08835677e+000  5.00278567e+000
    546  4.98875239e+000  5.00275997e+000
    547  4.90238522e+000  5.00257647e+000
    548  4.90538154e+000  5.00239911e+000
    549  4.71527069e+000  5.00187610e+000
    550  4.81452397e+000  5.00153546e+000
    551  4.83831531e+000  5.00123924e+000
    552  4.87843184e+000  5.00101676e+000
    553  5.20684018e+000  5.00138895e+000
    554  4.86554961e+000  5.00114376e+000
    555  5.01696806e+000  5.00117227e+000
    556  5.09139124e+000  5.00133453e+000
    557  5.05732611e+000  5.00143506e+000
    558  4.92565422e+000  5.00129925e+000
    559  4.90799227e+000  5.00113233e+000
    560  4.75250629e+000  5.00068836e+000
    561  5.23659927e+000  5.00110887e+000
    562  4.86490780e+000  5.00086652e+000
    563  5.00346988e+000  5.00087115e+000
    564  5.17630868e+000  5.00118221e+000
    565  4.90454717e+000  5.00101117e+000
    566  4.81583047e+000  5.00068400e+000
    567  4.97156526e+000  5.00063264e+000
    568  4.99926170e+000  5.00063023e+000
    569  5.01648324e+000  5.00065809e+000
    570  5.10048361e+000  5.00083322e+000
    571  4.91347475e+000  5.00068023e+000
    572  5.00900561e+000  5.00069478e+000
    573  5.13383338e+000  5.00092714e+000
    574  5.09677604e+000  5.00109412e+000
    575  5.03885894e+000  5.00115980e+000
    576  5.27234069e+000  5.00163060e+000
    577  5.01102142e+000  5.00164688e+000
    578  5.18489835e+000  5.00196392e+000
    579  5.19269528e+000  5.00229333e+000
    580  5.17677382e+000  5.00259416e+000
    581  4.90739234e+000  5.00243030e+000
    582  4.92994986e+000  5.00230577e+000
    583  4.80587810e+000  5.00196884e+000
    584  5.00596753e+000  5.00197569e+000
    585  4.98097011e+000  5.00193978e+000
    586  5.12442213e+000  5.00214880e+000
    587  5.00213922e+000  5.00214878e+000
    588  4.87936690e+000  5.00193997e+000
    589  5.05217937e+000  5.00202526e+000
    590  4.99635419e+000  5.00201565e+000
    591  5.02759384e+000  5.00205893e+000
    592  4.91473257e+000  5.00191142e+000
    593  5.21055002e+000  5.00226326e+000
    594  4.98083767e+000  5.00222719e+000
    595  4.89014668e+000  5.00203882e+000
    596  5.11493989e+000  5.00222825e+000
    597  4.87959393e+000  5.00202283e+000
    598  5.05788632e+000  5.00211625e+000
    599  5.16843515e+000  5.00239391e+000
    600  5.16648652e+000  5.00266740e+000
    601  5.12433945e+000  5.00286984e+000
    602  4.96332585e+000  5.00280416e+000
    603  4.94992268e+000  5.00271646e+000
    604  5.21233529e+000  5.00306351e+000
    605  5.00272630e+000  5.00306295e+000
    606  4.94057200e+000  5.00295983e+000
    607  4.82010830e+000  5.00265859e+000
    608  4.79874180e+000  5.00232321e+000
    609  4.87201981e+000  5.00210924e+000
    610  5.08101990e+000  5.00223860e+000
    611  5.00690173e+000  5.00224624e+000
    612  4.96632559e+000  5.00218754e+000
    613  4.94944635e+000  5.00210150e+000
    614  5.02003310e+000  5.00213071e+000
    615  4.92956368e+000  5.00201271e+000
    616  4.83731700e+000  5.00174535e+000
    617  4.85724841e+000  5.00151116e+000
    618  4.90390827e+000  5.00135322e+000
    619  4.77431699e+000  5.00098645e+000
    620  4.98243134e+000  5.00095652e+000
    621  5.09006814e+000  5.00110001e+000
    622  4.99474405e+000  5.00108980e+000
    623  5.01379244e+000  5.00111019e+000
    624  5.02384806e+000  5.00114662e+000
    625  4.94920181e+000  5.00106351e+000
    626  5.08853082e+000  5.00120324e+000
    627  5.02017809e+000  5.00123350e+000
    628  5.00301199e+000  5.00123633e+000
    629  4.88751007e+000  5.00105553e+000
    630  5.00529191e+000  5.00106225e+000
    631  5.14771919e+000  5.00129467e+000
    632  5.11381010e+000  5.00147270e+000
    633  4.94668955e+000  5.00138616e+000
    634  4.93514753e+000  5.00128168e+000
    635  5.02600310e+000  5.00132061e+000
    636  4.93077316e+000  5.00120969e+000
    637  4.76643479e+000  5.00084112e+000
    638  4.96296058e+000  5.00078175e+000
    639  4.92415694e+000  5.00066184e+000
    640  5.30840751e+000  5.00114269e+000
    641  4.97700152e+000  5.00110503e+000
    642  4.84236445e+000  5.00085777e+000
    643  4.97675780e+000  5.00082029e+000
    644  4.89360195e+000  5.00065380e+000
    645  4.99020272e+000  5.00063760e+000
    646  5.11838782e+000  5.00081987e+000
    647  5.02287675e+000  5.00085396e+000
    648  4.91216248e+000  5.00071709e+000
    649  5.20032124e+000  5.00102465e+000
    650  5.07231980e+000  5.00113433e+000
    651  5.02750948e+000  5.00117485e+000
    652  5.02434288e+000  5.00121038e+000
    653  5.28920280e+000  5.00165141e+000
    654  4.99329458e+000  5.00163863e+000
    655  4.84428427e+000  5.00139840e+000
    656  4.99065745e+000  5.00138203e+000
    657  5.10840463e+000  5.00154492e+000
    658  4.89639514e+000  5.00138512e+000
    659  5.25036735e+000  5.00176294e+000
    660  4.82084133e+000  5.00148881e+000
    661  5.09682137e+000  5.00163304e+000
    662  5.12841097e+000  5.00182455e+000
    663  5.01892267e+000  5.00185034e+000
    664  5.03971614e+000  5.00190736e+000
    665  4.71721854e+000  5.00147926e+000
    666  4.88261625e+000  5.00130079e+000
    667  5.00848583e+000  5.00131156e+000
    668  5.00451717e+000  5.00131636e+000
    669  5.10642395e+000  5.00147347e+000
    670  4.93374446e+000  5.00137238e+000
    671  5.19837730e+000  5.00166598e+000
    672  5.20519098e+000  5.00196884e+000
    673  4.95360842e+000  5.00189699e+000
    674  4.96026463e+000  5.00183522e+000
    675  5.03757942e+000  5.00188817e+000
    676  4.95200202e+000  5.00181437e+000
    677  5.06323618e+000  5.00190510e+000
    678  5.02124014e+000  5.00193362e+000
    679  4.83116660e+000  5.00168212e+000
    680  5.12096158e+000  5.00185753e+000
    681  5.16025972e+000  5.00209013e+000
    682  4.98467935e+000  5.00206461e+000
    683  4.74049470e+000  5.00168163e+000
    684  4.81865968e+000  5.00141406e+000
    685  5.13093803e+000  5.00160314e+000
    686  4.88802861e+000  5.00143758e+000
    687  5.00804217e+000  5.00144720e+000
    688  5.10335927e+000  5.00159532e+000
    689  5.18050798e+000  5.00185499e+000
    690  4.90504840e+000  5.00171470e+000
    691  5.11160827e+000  5.00187373e+000
    692  5.20964881e+000  5.00217398e+000
    693  5.14750359e+000  5.00238369e+000
    694  5.02435311e+000  5.00241535e+000
    695  5.12533137e+000  5.00259221e+000
    696  4.79522177e+000  5.00229426e+000
    697  5.01694487e+000  5.00231528e+000
    698  5.03925373e+000  5.00236820e+000
    699  4.93749860e+000  5.00227540e+000
    700  4.89073060e+000  5.00211605e+000
    701  4.91510190e+000  5.00199192e+000
    702  4.86402568e+000  5.00179539e+000
    703  4.78398469e+000  5.00148556e+000
    704  4.90624322e+000  5.00135027e+000
    705  5.14678568e+000  5.00155656e+000
    706  5.14784762e+000  5.00176377e+000
    707  4.90153961e+000  5.00162201e+000
    708  4.81687658e+000  5.00136107e+000
    709  4.79666951e+000  5.00107237e+000
    710  5.16596815e+000  5.00130462e+000
    711  4.99053554e+000  5.00128947e+000
    712  5.11690911e+000  5.00145186e+000
    713  5.02330391e+000  5.00148250e+000
    714  4.82130205e+000  5.00123015e+000
    715  5.13791019e+000  5.00142131e+000
    716  5.00339916e+000  5.00142407e+000
    717  4.92944630e+000  5.00132369e+000
    718  4.98060968e+000  5.00129484e+000
    719  5.11261807e+000  5.00144967e+000
    720  5.09311713e+000  5.00157698e+000
    721  4.91745381e+000  5.00146031e+000
    722  4.86266382e+000  5.00126807e+000
    723  4.86258716e+000  5.00107626e+000
    724  5.02140525e+000  5.00110433e+000
    725  5.10904866e+000  5.00125322e+000
    726  4.82248167e+000  5.00100698e+000
    727  4.97205994e+000  5.00096716e+000
    728  5.06001451e+000  5.00104827e+000
    729  5.11227850e+000  5.00120085e+000
    730  5.03863658e+000  5.00125213e+000
    731  4.85846763e+000  5.00105681e+000
    732  4.88801638e+000  5.00090238e+000
    733  4.95303317e+000  5.00083707e+000
    734  4.74945877e+000  5.00049460e+000
    735  4.95681512e+000  5.00043517e+000
    736  4.94293141e+000  5.00035704e+000
    737  5.08570935e+000  5.00047285e+000
    738  4.90644519e+000  5.00034544e+000
    739  4.94684948e+000  5.00027305e+000
    740  5.04632437e+000  5.00033528e+000
    741  5.11296799e+000  5.00048728e+000
    742  5.03880011e+000  5.00053892e+000
    743  5.12581928e+000  5.00070753e+000
    744  4.94396087e+000  5.00063126e+000
    745  5.31536347e+000  5.00105372e+000
    746  5.13119083e+000  5.00122817e+000
    747  4.83449364e+000  5.00100496e+000
    748  5.07831826e+000  5.00110832e+000
    749  5.06350466e+000  5.00119163e+000
    750  4.89295822e+000  5.00104732e+000
    751  4.68556328e+000  5.00062723e+000
    752  4.97236949e+000  5.00058965e+000
    753  5.02748653e+000  5.00062537e+000
    754  5.11371503e+000  5.00077536e+000
    755  5.03275006e+000  5.00081771e+000
    756  4.77434869e+000  5.00051815e+000
    757  4.91412037e+000  5.00040402e+000
    758  4.92973134e+000  5.00031078e+000
    759  4.86945378e+000  5.00013837e+000
    760  4.90319160e+000  5.00001081e+000
    761  5.05453277e+000  5.00008246e+000
    762  4.83178645e+000  4.99986160e+000
    763  4.81851155e+000  4.99962392e+000
    764  5.02453945e+000  4.99965653e+000
    765  4.96510308e+000  4.99961136e+000
    766  5.09761960e+000  4.99973931e+000
    767  4.97903843e+000  4.99971232e+000
    768  4.92464113e+000  4.99961457e+000
    769  4.93792694e+000  4.99953435e+000
    770  4.83668733e+000  4.99932286e+000
    771  4.77644835e+000  4.99903379e+000
    772  4.54286257e+000  4.99844289e+000
    773  4.86759632e+000  4.99827362e+000
    774  4.82261598e+000  4.99804668e+000
    775  4.87615242e+000  4.99788939e+000
    776  4.92787022e+000  4.99779916e+000
    777  5.17853114e+000  4.99803176e+000
    778  4.74680199e+000  4.99770885e+000
    779  4.91510384e+000  4.99760281e+000
    780  4.75466963e+000  4.99729135e+000
    781  5.20688863e+000  4.99755972e+000
    782  4.85808705e+000  4.99738137e+000
    783  4.92870610e+000  4.99729366e+000
    784  5.12826942e+000  4.99746072e+000
    785  5.19580294e+000  4.99771339e+000
    786  4.95120862e+000  4.99765422e+000
    787  5.03235629e+000  4.99769832e+000
    788  4.93668085e+000  4.99762088e+000
    789  5.13099220e+000  4.99778992e+000
    790  5.01445210e+000  4.99781101e+000
    791  4.95876762e+000  4.99776165e+000
    792  4.93570868e+000  4.99768330e+000
    793  4.92752439e+000  4.99759483e+000
    794  5.06772875e+000  4.99768316e+000
    795  4.94556280e+000  4.99761760e+000
    796  4.85720803e+000  4.99744121e+000
    797  5.23383727e+000  4.99773781e+000
    798  4.95054878e+000  4.99767868e+000
    799  4.98817088e+000  4.99766678e+000
    800  5.24974928e+000  4.99798188e+000
    801  5.30337394e+000  4.99836315e+000
    802  5.07261424e+000  4.99845573e+000
    803  4.97692579e+000  4.99842892e+000
    804  4.84825133e+000  4.99824213e+000
    805  5.10395803e+000  4.99837345e+000
    806  5.04915218e+000  4.99843645e+000
    807  5.10453399e+000  4.99856793e+000
    808  5.25561371e+000  4.99888605e+000
    809  4.81151027e+000  4.99865444e+000
    810  4.81403219e+000  4.99842651e+000
    811  4.96754777e+000  4.99838843e+000
    812  4.86538058e+000  4.99822463e+000
    813  5.12932720e+000  4.99838589e+000
    814  5.12103917e+000  4.99853657e+000
    815  5.01980627e+000  4.99856267e+000
    816  4.90981528e+000  4.99845391e+000
    817  5.04048079e+000  4.99850535e+000
    818  5.01979625e+000  4.99853138e+000
    819  5.01179661e+000  4.99854757e+000
    820  5.08959906e+000  4.99865861e+000
    821  4.98571250e+000  4.99864284e+000
    822  4.79196085e+000  4.99839140e+000
    823  4.94825628e+000  4.99833049e+000
    824  4.96059238e+000  4.99828469e+000
    825  4.95709304e+000  4.99823476e+000
    826  4.92546663e+000  4.99814666e+000
    827  4.97645757e+000  4.99812044e+000
    828  5.22512385e+000  4.99839459e+000
    829  5.09397852e+000  4.99850989e+000
    830  4.94798521e+000  4.99844902e+000
    831  5.02818739e+000  4.99848481e+000
    832  4.85359288e+000  4.99831066e+000
    833  5.01611859e+000  4.99833204e+000
    834  5.03924694e+000  4.99838110e+000
    835  5.08431268e+000  4.99848401e+000
    836  5.03398642e+000  4.99852647e+000
    837  5.14310879e+000  4.99869921e+000
    838  5.03498977e+000  4.99874252e+000
    839  5.02974443e+000  4.99877947e+000
    840  5.20525572e+000  4.99902528e+000
    841  5.05648888e+000  4.99909360e+000
    842  4.99286052e+000  4.99908620e+000
    843  5.00047183e+000  4.99908784e+000
    844  4.84695059e+000  4.99890759e+000
    845  4.93400357e+000  4.99883078e+000
    846  5.06764481e+000  4.99891212e+000
    847  5.07404251e+000  4.99900082e+000
    848  4.98010054e+000  4.99897853e+000
    849  4.94331318e+000  4.99891297e+000
    850  4.79704770e+000  4.99867548e+000
    851  5.04776174e+000  4.99873316e+000
    852  5.10718112e+000  4.99886044e+000
    853  5.15353800e+000  4.99904178e+000
    854  5.14254346e+000  4.99920981e+000
    855  5.23765517e+000  4.99948870e+000
    856  4.97191807e+000  4.99945649e+000
    857  4.82653383e+000  4.99925471e+000
    858  5.01673664e+000  4.99927509e+000
    859  4.86772270e+000  4.99912194e+000
    860  4.84845660e+000  4.99894675e+000
    861  4.80107993e+000  4.99871694e+000
    862  5.16283635e+000  4.99890733e+000
    863  4.87755394e+000  4.99876671e+000
    864  4.96367827e+000  4.99872610e+000
    865  5.03881905e+000  4.99877245e+000
    866  5.05377680e+000  4.99883597e+000
    867  5.13277518e+000  4.99899045e+000
    868  5.07788102e+000  4.99908134e+000
    869  5.08033859e+000  4.99917485e+000
    870  4.87378672e+000  4.99903072e+000
    871  5.19015282e+000  4.99925015e+000
    872  5.08428165e+000  4.99934766e+000
    873  5.05897372e+000  4.99941596e+000
    874  5.19672964e+000  4.99964172e+000
    875  5.05675470e+000  4.99970700e+000
    876  4.71225740e+000  4.99937886e+000
    877  4.91119326e+000  4.99927830e+000
    878  4.97484253e+000  4.99925047e+000
    879  4.78483195e+000  4.99900654e+000
    880  4.78730468e+000  4.99876597e+000
    881  4.83450793e+000  4.99857952e+000
    882  4.88556674e+000  4.99845139e+000
    883  5.47428853e+000  4.99899028e+000
    884  4.92617479e+000  4.99890791e+000
    885  5.09360206e+000  4.99901491e+000
    886  5.00021197e+000  4.99901626e+000
    887  5.07440761e+000  4.99910125e+000
    888  5.05918526e+000  4.99916891e+000
    889  5.23666621e+000  4.99943607e+000
    890  5.27300427e+000  4.99974345e+000
    891  5.06570581e+000  4.99981748e+000
    892  5.13710330e+000  4.99997139e+000
    893  5.17206998e+000  5.00016410e+000
    894  4.94561444e+000  5.00010309e+000
    895  4.99836060e+000  5.00010114e+000
    896  4.90068666e+000  4.99999019e+000
    897  5.00260104e+000  4.99999310e+000
    898  4.94298862e+000  4.99992962e+000
    899  5.13575041e+000  5.00008070e+000
    900  5.15572102e+000  5.00025363e+000
    901  5.02128086e+000  5.00027697e+000
    902  5.16683046e+000  5.00046162e+000
    903  5.23957897e+000  5.00072642e+000
    904  4.99003529e+000  5.00071460e+000
    905  5.04042717e+000  5.00075848e+000
    906  4.96223461e+000  5.00071596e+000
    907  4.75623367e+000  5.00044641e+000
    908  4.87374356e+000  5.00030686e+000
    909  4.76256576e+000  5.00004532e+000
    910  4.87449930e+000  4.99990736e+000
    911  4.96233521e+000  4.99986612e+000
    912  5.13214749e+000  5.00001116e+000
    913  5.11591042e+000  5.00013811e+000
    914  5.10626549e+000  5.00025422e+000
    915  5.19094207e+000  5.00046262e+000
    916  4.86170164e+000  5.00031114e+000
    917  5.05312854e+000  5.00036873e+000
    918  4.96535957e+000  5.00033060e+000
    919  5.07481938e+000  5.00041165e+000
    920  4.88435045e+000  5.00028550e+000
    921  4.89866893e+000  5.00017517e+000
    922  5.07643817e+000  5.00025788e+000
    923  5.04474810e+000  5.00030608e+000
    924  5.24308111e+000  5.00056883e+000
    925  4.96721336e+000  5.00053277e+000
    926  5.36248923e+000  5.00092365e+000
    927  5.09089280e+000  5.00102070e+000
    928  4.95831988e+000  5.00097469e+000
    929  5.03794321e+000  5.00101448e+000
    930  5.05696456e+000  5.00107464e+000
    931  5.06000297e+000  5.00113794e+000
    932  4.96698506e+000  5.00110129e+000
    933  4.89331943e+000  5.00098577e+000
    934  4.97498508e+000  5.00095793e+000
    935  5.03272087e+000  5.00099190e+000
    936  5.08512890e+000  5.00108179e+000
    937  5.21987590e+000  5.00131530e+000
    938  4.83790623e+000  5.00114109e+000
    939  4.99378791e+000  5.00113326e+000
    940  4.97166234e+000  5.00110191e+000
    941  5.00243801e+000  5.00110333e+000
    942  4.98387986e+000  5.00108504e+000
    943  4.94973998e+000  5.00103059e+000
    944  4.94839501e+000  5.00097484e+000
    945  4.94183364e+000  5.00091225e+000
    946  4.90221189e+000  5.00080792e+000
    947  5.05358015e+000  5.00086364e+000
    948  4.95042001e+000  5.00081043e+000
    949  4.84854108e+000  5.00064998e+000
    950  5.05384610e+000  5.00070598e+000
    951  5.09600674e+000  5.00080619e+000
    952  4.87301737e+000  5.00067196e+000
    953  4.93345300e+000  5.00060142e+000
    954  4.94149561e+000  5.00053947e+000
    955  4.70412276e+000  5.00022908e+000
    956  4.95658748e+000  5.00018343e+000
    957  5.14873152e+000  5.00033865e+000
    958  4.86028365e+000  5.00019246e+000
    959  5.06928639e+000  5.00026451e+000
    960  5.01367204e+000  5.00027847e+000
    961  4.84428225e+000  5.00011615e+000
    962  4.86400648e+000  4.99997466e+000
    963  5.19969226e+000  5.00018205e+000
    964  4.94196733e+000  5.00012166e+000
    965  4.87498126e+000  4.99999198e+000
    966  4.93345016e+000  4.99992310e+000
    967  5.02920873e+000  4.99995338e+000
    968  4.91078708e+000  4.99986127e+000
    969  5.19939690e+000  5.00006719e+000
    970  5.12053014e+000  5.00019138e+000
    971  5.10591158e+000  5.00030026e+000
    972  5.05382984e+000  5.00035533e+000
    973  4.82427427e+000  5.00017436e+000
    974  4.96600019e+000  5.00013927e+000
    975  4.92248041e+000  5.00005962e+000
    976  4.94834975e+000  5.00000664e+000
    977  5.00931132e+000  5.00001617e+000
    978  4.87576448e+000  4.99988912e+000
    979  5.00073824e+000  4.99988999e+000
    980  5.05687816e+000  4.99994814e+000
    981  4.94681622e+000  4.99989398e+000
    982  4.95507456e+000  4.99984834e+000
    983  4.96820972e+000  4.99981615e+000
    984  5.04698059e+000  4.99986408e+000
    985  5.01161773e+000  4.99987601e+000
    986  4.88801153e+000  4.99976256e+000
    987  4.72650538e+000  4.99948571e+000
    988  5.01884202e+000  4.99950530e+000
    989  4.98604550e+000  4.99949169e+000
    990  4.80474234e+000  4.99929497e+000
    991  5.05779351e+000  4.99935400e+000
    992  4.96187551e+000  4.99931622e+000
    993  4.87425107e+000  4.99919027e+000
    994  4.90149071e+000  4.99909198e+000
    995  5.05224895e+000  4.99914541e+000
    996  4.97675452e+000  4.99912293e+000
    997  5.03583094e+000  4.99915975e+000
    998  4.95863722e+000  4.99911914e+000
    999  4.94201062e+000  4.99906198e+000
   1000  4.97235693e+000  4.99903527e+000
   1001  5.09473097e+000  4.99913087e+000
   1002  5.05173487e+000  4.99918337e+000
   1003  5.13640656e+000  4.99932018e+000
   1004  4.98710587e+000  4.99930802e+000
   1005  5.18844380e+000  4.99949621e+000
   1006  5.11094372e+000  4.99960699e+000
   1007  5.05724846e+000  4.99966424e+000
   1008  5.05859533e+000  4.99972270e+000
   1009  5.23088281e+000  4.99995180e+000
   1010  4.98837253e+000  4.99994033e+000
   1011  4.91713472e+000  4.99985843e+000
   1012  4.83190661e+000  4.99969247e+000
   1013  5.23454783e+000  4.99992431e+000
   1014  4.88972899e+000  4.99981564e+000
   1015  5.20811985e+000  5.00002086e+000
   1016  4.99383041e+000  5.00001477e+000
   1017  5.04955873e+000  5.00006348e+000
   1018  5.05568380e+000  5.00011812e+000
   1019  5.26193274e+000  5.00037505e+000
   1020  5.12135490e+000  5.00049366e+000
   1021  5.02798480e+000  5.00052059e+000
   1022  4.89639488e+000  5.00041870e+000
   1023  5.16132031e+000  5.00057599e+000
   1024  5.10340693e+000  5.00067641e+000
   1025  4.84430655e+000  5.00052385e+000
   1026  5.00894021e+000  5.00053205e+000
   1027  5.10055138e+000  5.00062944e+000
   1028  4.93821620e+000  5.00056873e+000
   1029  4.88421770e+000  5.00045566e+000
   1030  4.88217068e+000  5.00034082e+000
   1031  4.76792646e+000  5.00011539e+000
   1032  5.31663131e+000  5.00042209e+000
   1033  5.11518460e+000  5.00053319e+000
   1034  4.88186726e+000  5.00041843e+000
   1035  4.81911977e+000  5.00024326e+000
   1036  5.15290510e+000  5.00039062e+000
   1037  5.18283208e+000  5.00056655e+000
   1038  5.04316930e+000  5.00060759e+000
   1039  5.06275881e+000  5.00066741e+000
   1040  5.01853012e+000  5.00068459e+000
   1041  5.08898336e+000  5.00076941e+000
   1042  4.90792751e+000  5.00068031e+000
   1043  4.96375570e+000  5.00064490e+000
   1044  5.15950467e+000  5.00079707e+000
   1045  5.03469394e+000  5.00082951e+000
   1046  5.16168032e+000  5.00098328e+000
   1047  5.14461102e+000  5.00112046e+000
   1048  4.95481182e+000  5.00107628e+000
   1049  4.80760947e+000  5.00089185e+000
   1050  5.04272641e+000  5.00093169e+000
   1051  4.96310725e+000  5.00089570e+000
   1052  5.45024138e+000  5.00132283e+000
   1053  5.03236892e+000  5.00135232e+000
   1054  4.96929119e+000  5.00132190e+000
   1055  5.12422745e+000  5.00143840e+000
   1056  4.95166383e+000  5.00139126e+000
   1057  5.10843296e+000  5.00149253e+000
   1058  4.92418867e+000  5.00141947e+000
   1059  5.02340084e+000  5.00144022e+000
   1060  5.14919464e+000  5.00157961e+000
   1061  5.08356679e+000  5.00165689e+000
   1062  4.95053911e+000  5.00160875e+000
   1063  5.01730429e+000  5.00162352e+000
   1064  4.89727078e+000  5.00152544e+000
   1065  4.78485038e+000  5.00132199e+000
   1066  4.84337740e+000  5.00117383e+000
   1067  5.28714364e+000  5.00144184e+000
   1068  4.89838147e+000  5.00134534e+000
   1069  4.81226793e+000  5.00116847e+000
   1070  5.17384032e+000  5.00132984e+000
   1071  5.05833453e+000  5.00138307e+000
   1072  5.00933827e+000  5.00139049e+000
   1073  4.93911599e+000  5.00133245e+000
   1074  4.95441602e+000  5.00128877e+000
   1075  5.20685741e+000  5.00148000e+000
   1076  5.10886402e+000  5.00157979e+000
   1077  5.14839596e+000  5.00171611e+000
   1078  5.02297902e+000  5.00173584e+000
   1079  4.76854768e+000  5.00151972e+000
   1080  4.71997247e+000  5.00125903e+000
   1081  4.99594963e+000  5.00125412e+000
   1082  4.95215625e+000  5.00120874e+000
   1083  4.85206621e+000  5.00107103e+000
   1084  4.91368296e+000  5.00099041e+000
   1085  4.85725913e+000  5.00085794e+000
   1086  5.26215194e+000  5.00109855e+000
   1087  5.08811669e+000  5.00117860e+000
   1088  5.00587262e+000  5.00118291e+000
   1089  4.79248485e+000  5.00099127e+000
   1090  5.15514938e+000  5.00113270e+000
   1091  4.74750206e+000  5.00090023e+000
   1092  5.20088808e+000  5.00108336e+000
   1093  4.88328845e+000  5.00097559e+000
   1094  5.12163918e+000  5.00108589e+000
   1095  4.78877662e+000  5.00089200e+000
   1096  5.02235711e+000  5.00091158e+000
   1097  5.04020186e+000  5.00094740e+000
   1098  5.04298815e+000  5.00098569e+000
   1099  4.68130458e+000  5.00069480e+000
   1100  4.96933247e+000  5.00066629e+000
   1101  5.25851680e+000  5.00090049e+000
   1102  5.11339484e+000  5.00100257e+000
   1103  4.89108837e+000  5.00090292e+000
   1104  4.80771080e+000  5.00072793e+000
   1105  5.11271815e+000  5.00082928e+000
   1106  5.02726406e+000  5.00085318e+000
   1107  5.29832333e+000  5.00112190e+000
   1108  4.94041909e+000  5.00106711e+000
   1109  5.00802589e+000  5.00107338e+000
   1110  4.93758249e+000  5.00101619e+000
   1111  4.88070914e+000  5.00090790e+000
   1112  5.01111998e+000  5.00091708e+000
   1113  4.85268575e+000  5.00078390e+000
   1114  4.80012117e+000  5.00060377e+000
   1115  4.85085456e+000  5.00046947e+000
   1116  4.85622952e+000  5.00034022e+000
   1117  4.86585790e+000  5.00021982e+000
   1118  4.91219213e+000  5.00014109e+000
   1119  4.88751741e+000  5.00004044e+000
   1120  5.27025000e+000  5.00028170e+000
   1121  5.22942328e+000  5.00048611e+000
   1122  5.01937050e+000  5.00050294e+000
   1123  4.93131879e+000  5.00044133e+000
   1124  4.82881339e+000  5.00028864e+000
   1125  4.83706990e+000  5.00014355e+000
   1126  4.90794346e+000  5.00006167e+000
   1127  4.96205470e+000  5.00002795e+000
   1128  5.22357113e+000  5.00022612e+000
   1129  4.95522065e+000  5.00018626e+000
   1130  4.78772259e+000  4.99999824e+000
   1131  4.90759755e+000  4.99991654e+000
   1132  4.91691741e+000  4.99984322e+000
   1133  5.02527712e+000  4.99986567e+000
   1134  4.97062025e+000  4.99983988e+000
   1135  4.78575911e+000  4.99965126e+000
   1136  4.73344494e+000  4.99941693e+000
   1137  5.02942726e+000  4.99944332e+000
   1138  5.06052249e+000  4.99949699e+000
   1139  5.13524388e+000  4.99961617e+000
   1140  5.04113583e+000  4.99965259e+000
   1141  4.84311287e+000  4.99951540e+000
   1142  4.74082342e+000  4.99928887e+000
   1143  5.10538622e+000  4.99938170e+000
   1144  5.18530801e+000  4.99954422e+000
   1145  5.05928591e+000  4.99959640e+000
   1146  5.08953831e+000  4.99967488e+000
   1147  5.25358947e+000  4.99989625e+000
   1148  5.11146481e+000  4.99999344e+000
   1149  5.08375308e+000  5.00006634e+000
   1150  4.92305972e+000  4.99999937e+000
   1151  4.93923872e+000  4.99994658e+000
   1152  5.07551802e+000  5.00001218e+000
   1153  4.77573581e+000  4.99981767e+000
   1154  4.78667514e+000  4.99963297e+000
   1155  4.90219406e+000  4.99954861e+000
   1156  5.23662276e+000  4.99975369e+000
   1157  4.97024550e+000  4.99972818e+000
   1158  4.98232859e+000  4.99971316e+000
   1159  4.90414367e+000  4.99963070e+000
   1160  4.89660122e+000  4.99954188e+000
   1161  4.92655932e+000  4.99947902e+000
   1162  5.04947401e+000  4.99952205e+000
   1163  4.91596983e+000  4.99945020e+000
   1164  4.86781336e+000  4.99933711e+000
   1165  4.86085325e+000  4.99921824e+000
   1166  4.99456584e+000  4.99921425e+000
   1167  5.07254048e+000  4.99927709e+000
   1168  5.16023216e+000  4.99941489e+000
   1169  4.69101594e+000  4.99915108e+000
   1170  5.22732556e+000  4.99934610e+000
   1171  4.93473807e+000  4.99929092e+000
   1172  4.92858101e+000  4.99923059e+000
   1173  5.04854594e+000  4.99927263e+000
   1174  4.94819125e+000  4.99922912e+000
   1175  5.58004539e+000  4.99972343e+000
   1176  5.03875959e+000  4.99975663e+000
   1177  5.17668739e+000  4.99990695e+000
   1178  4.99771784e+000  4.99990509e+000
   1179  4.90635765e+000  4.99982575e+000
   1180  4.82190366e+000  4.99967497e+000
   1181  4.81266218e+000  4.99951662e+000
   1182  5.01724642e+000  4.99953162e+000
   1183  4.95127763e+000  4.99949083e+000
   1184  5.23516970e+000  4.99968988e+000
   1185  5.11068813e+000  4.99978355e+000
   1186  5.34677436e+000  5.00007612e+000
   1187  5.28113627e+000  5.00031290e+000
   1188  5.11530801e+000  5.00040970e+000
   1189  5.02421139e+000  5.00042972e+000
   1190  4.97787574e+000  5.00041077e+000
   1191  4.92355827e+000  5.00034624e+000
   1192  4.96727921e+000  5.00031850e+000
   1193  4.88023735e+000  5.00021784e+000
   1194  5.04835908e+000  5.00025816e+000
   1195  4.95684144e+000  5.00022183e+000
   1196  4.97829010e+000  5.00020349e+000
   1197  5.26421515e+000  5.00042405e+000
   1198  4.92979852e+000  5.00036510e+000
   1199  5.07216264e+000  5.00042498e+000
   1200  5.16951375e+000  5.00056589e+000
   1201  5.25012209e+000  5.00077368e+000
   1202  5.03787322e+000  5.00080454e+000
   1203  4.87134123e+000  5.00069693e+000
   1204  4.64131456e+000  5.00039844e+000
   1205  4.75288646e+000  5.00019303e+000
   1206  5.03007917e+000  5.00021781e+000
   1207  5.10315557e+000  5.00030310e+000
   1208  5.00960580e+000  5.00031080e+000
   1209  4.92802577e+000  5.00025101e+000
   1210  4.80899375e+000  5.00009295e+000
   1211  4.86577710e+000  4.99998203e+000
   1212  5.07458956e+000  5.00004359e+000
   1213  5.13706927e+000  5.00015655e+000
   1214  5.07032652e+000  5.00021435e+000
   1215  4.96496598e+000  5.00018534e+000
   1216  4.97908252e+000  5.00016799e+000
   1217  4.97526583e+000  5.00014753e+000
   1218  4.66401517e+000  4.99987156e+000
   1219  4.88197407e+000  4.99977484e+000
   1220  5.24609867e+000  4.99997674e+000
   1221  4.90999396e+000  4.99990305e+000
   1222  4.88586223e+000  4.99980973e+000
   1223  4.94817408e+000  4.99976750e+000
   1224  4.78293130e+000  4.99959035e+000
   1225  5.01119053e+000  4.99959982e+000
   1226  4.89704157e+000  4.99951617e+000
   1227  4.94868020e+000  4.99947474e+000
   1228  5.05112798e+000  4.99951680e+000
   1229  5.12561942e+000  4.99961941e+000
   1230  5.06055996e+000  4.99966895e+000
   1231  4.86530245e+000  4.99955980e+000
   1232  4.94168481e+000  4.99951282e+000
   1233  4.90971581e+000  4.99943999e+000
   1234  4.90914022e+000  4.99936682e+000
   1235  5.06183228e+000  4.99941740e+000
   1236  5.08076687e+000  4.99948321e+000
   1237  5.26248410e+000  4.99969583e+000
   1238  4.99867623e+000  4.99969500e+000
   1239  4.98146259e+000  4.99968029e+000
   1240  4.92230104e+000  4.99961788e+000
   1241  5.26703654e+000  4.99983337e+000
   1242  5.12282281e+000  4.99993240e+000
   1243  4.82723007e+000  4.99979346e+000
   1244  4.85323537e+000  4.99967564e+000
   1245  4.93107348e+000  4.99962054e+000
   1246  5.18350541e+000  4.99976812e+000
   1247  4.93379441e+000  4.99971522e+000
   1248  4.99092005e+000  4.99970817e+000
   1249  4.87981976e+000  4.99961218e+000
   1250  5.00388005e+000  4.99961560e+000
   1251  4.88441638e+000  4.99952351e+000
   1252  5.09556439e+000  4.99960022e+000
   1253  4.93705468e+000  4.99955030e+000
   1254  5.01414990e+000  4.99956195e+000
   1255  4.99552476e+000  4.99955873e+000
   1256  5.13198299e+000  4.99966416e+000
   1257  5.07107894e+000  4.99972098e+000
   1258  5.25049586e+000  4.99992032e+000
   1259  4.90051747e+000  4.99984137e+000
   1260  5.12719960e+000  4.99994244e+000
   1261  5.10990657e+000  5.00002965e+000
   1262  4.72687783e+000  4.99981320e+000
   1263  4.86323323e+000  4.99970506e+000
   1264  5.07861665e+000  4.99976749e+000
   1265  5.04123004e+000  4.99980027e+000
   1266  4.94245322e+000  4.99975497e+000
   1267  5.02488617e+000  4.99977481e+000
   1268  4.91171258e+000  4.99970536e+000
   1269  4.90465404e+000  4.99963046e+000
   1270  4.90750767e+000  4.99955792e+000
   1271  5.09186414e+000  4.99963054e+000
   1272  5.01660638e+000  4.99964389e+000
   1273  5.08055109e+000  4.99970745e+000
   1274  5.27244111e+000  4.99992152e+000
   1275  4.99829021e+000  4.99992024e+000
   1276  5.04172409e+000  4.99995300e+000
   1277  4.98982538e+000  4.99994507e+000
   1278  4.97100044e+000  4.99992243e+000
   1279  5.14581285e+000  5.00003649e+000
   1280  4.82015411e+000  4.99989596e+000
   1281  4.90030667e+000  4.99981821e+000
   1282  4.79146817e+000  4.99965570e+000
   1283  4.84434048e+000  4.99953464e+000
   1284  4.96576716e+000  4.99950834e+000
   1285  4.97633970e+000  4.99949031e+000
   1286  4.96378485e+000  4.99946255e+000
   1287  5.01854490e+000  4.99947737e+000
   1288  4.97286073e+000  4.99945671e+000
   1289  5.30688467e+000  4.99969521e+000
   1290  5.09518313e+000  4.99976923e+000
   1291  4.99044180e+000  4.99976201e+000
   1292  4.81991664e+000  4.99962281e+000
   1293  5.09411041e+000  4.99969588e+000
   1294  5.10884557e+000  4.99978023e+000
   1295  5.03482850e+000  4.99980730e+000
   1296  5.18566619e+000  4.99995071e+000
   1297  5.13788128e+000  5.00005705e+000
   1298  4.94319782e+000  5.00001325e+000
   1299  5.16723521e+000  5.00014198e+000
   1300  5.01622310e+000  5.00015435e+000
   1301  5.12040622e+000  5.00024678e+000
   1302  4.96390526e+000  5.00021887e+000
   1303  4.83749052e+000  5.00009398e+000
   1304  5.07432897e+000  5.00015091e+000
   1305  5.15240341e+000  5.00026758e+000
   1306  5.14937387e+000  5.00038175e+000
   1307  5.07618255e+000  5.00043974e+000
   1308  4.99814935e+000  5.00043799e+000
   1309  5.02121063e+000  5.00045386e+000
   1310  5.36750032e+000  5.00073405e+000
   1311  5.08281940e+000  5.00079666e+000
   1312  5.06077776e+000  5.00084238e+000
   1313  4.90674977e+000  5.00077072e+000
   1314  5.04572854e+000  5.00080493e+000
   1315  4.96310580e+000  5.00077626e+000
   1316  4.88142004e+000  5.00068557e+000
   1317  5.10002815e+000  5.00076100e+000
   1318  5.11714313e+000  5.00084930e+000
   1319  5.19796953e+000  5.00099875e+000
   1320  4.92883565e+000  5.00094408e+000
   1321  5.18814785e+000  5.00108579e+000
   1322  5.26292051e+000  5.00128385e+000
   1323  4.88818592e+000  5.00119836e+000
   1324  5.17442623e+000  5.00132920e+000
   1325  5.27660790e+000  5.00153696e+000
   1326  4.88493129e+000  5.00144902e+000
   1327  5.02897376e+000  5.00146976e+000
   1328  5.05007135e+000  5.00150636e+000
   1329  5.07374622e+000  5.00156072e+000
   1330  5.00219265e+000  5.00156119e+000
   1331  5.01784568e+000  5.00157343e+000
   1332  5.17737028e+000  5.00170541e+000
   1333  4.97001715e+000  5.00168163e+000
   1334  4.97641447e+000  5.00166269e+000
   1335  5.09672915e+000  5.00173390e+000
   1336  5.03375658e+000  5.00175787e+000
   1337  5.01155826e+000  5.00176520e+000
   1338  4.99329235e+000  5.00175887e+000
   1339  4.84338016e+000  5.00164059e+000
   1340  4.85963732e+000  5.00153462e+000
   1341  4.92995695e+000  5.00148124e+000
   1342  4.88671494e+000  5.00139572e+000
   1343  4.79280146e+000  5.00124040e+000
   1344  4.86113241e+000  5.00113616e+000
   1345  4.93197617e+000  5.00108474e+000
   1346  4.90179259e+000  5.00101097e+000
   1347  5.10971195e+000  5.00109167e+000
   1348  5.22388603e+000  5.00125694e+000
   1349  5.04650966e+000  5.00129049e+000
   1350  5.00940208e+000  5.00129650e+000
   1351  4.99006861e+000  5.00128819e+000
   1352  4.95286829e+000  5.00125237e+000
   1353  4.92958349e+000  5.00119940e+000
   1354  4.96355287e+000  5.00117160e+000
   1355  4.99382777e+000  5.00116618e+000
   1356  4.92189447e+000  5.00110772e+000
   1357  4.90644225e+000  5.00103796e+000
   1358  5.05434365e+000  5.00107721e+000
   1359  4.90960319e+000  5.00100990e+000
   1360  5.01219582e+000  5.00101813e+000
   1361  4.98515577e+000  5.00100647e+000
   1362  4.89711419e+000  5.00093019e+000
   1363  5.00613331e+000  5.00093401e+000
   1364  4.84228382e+000  5.00081770e+000
   1365  4.92870549e+000  5.00076487e+000
   1366  5.08107523e+000  5.00082366e+000
   1367  5.08381955e+000  5.00088437e+000
   1368  5.09449757e+000  5.00095280e+000
   1369  4.87048002e+000  5.00085750e+000
   1370  5.07237764e+000  5.00090970e+000
   1371  5.05272496e+000  5.00094750e+000
   1372  5.24888368e+000  5.00112821e+000
   1373  5.01866125e+000  5.00114098e+000
   1374  4.90531161e+000  5.00107123e+000
   1375  5.02749475e+000  5.00109045e+000
   1376  5.08119360e+000  5.00114867e+000
   1377  5.03757949e+000  5.00117512e+000
   1378  5.27356351e+000  5.00137279e+000
   1379  5.05348643e+000  5.00141058e+000
   1380  5.33578623e+000  5.00165288e+000
   1381  5.16852692e+000  5.00177372e+000
   1382  4.83537898e+000  5.00165332e+000
   1383  4.96386743e+000  5.00162600e+000
   1384  5.11201917e+000  5.00170576e+000
   1385  4.87506283e+000  5.00161432e+000
   1386  4.87577791e+000  5.00152353e+000
   1387  5.04566371e+000  5.00155535e+000
   1388  5.10260054e+000  5.00162815e+000
   1389  5.32288320e+000  5.00185944e+000
   1390  5.06791325e+000  5.00190696e+000
   1391  4.85781009e+000  5.00180337e+000
   1392  5.13762681e+000  5.00190094e+000
   1393  5.03074404e+000  5.00192165e+000
   1394  4.91314396e+000  5.00185796e+000
   1395  4.76615926e+000  5.00168900e+000
   1396  4.87495733e+000  5.00159822e+000
   1397  5.16932117e+000  5.00171828e+000
   1398  5.02885064e+000  5.00173769e+000
   1399  4.87646994e+000  5.00164815e+000
   1400  4.81804506e+000  5.00151700e+000
   1401  5.11205338e+000  5.00159590e+000
   1402  5.14965527e+000  5.00170151e+000
   1403  5.17342928e+000  5.00182391e+000
   1404  4.83717925e+000  5.00170664e+000
   1405  4.99239999e+000  5.00170001e+000
   1406  4.89933360e+000  5.00162721e+000
   1407  5.14533565e+000  5.00172935e+000
   1408  4.87168493e+000  5.00163698e+000
   1409  5.12138141e+000  5.00172197e+000
   1410  4.94973794e+000  5.00168510e+000
   1411  5.22109445e+000  5.00184060e+000
   1412  5.12627357e+000  5.00192873e+000
   1413  5.21852811e+000  5.00208202e+000
   1414  5.03038094e+000  5.00210203e+000
   1415  4.86480292e+000  5.00200500e+000
   1416  5.04245259e+000  5.00203356e+000
   1417  5.06554767e+000  5.00207839e+000
   1418  4.88303555e+000  5.00199444e+000
   1419  4.82230678e+000  5.00186781e+000
   1420  4.96111923e+000  5.00183911e+000
   1421  5.08689406e+000  5.00189896e+000
   1422  5.15834004e+000  5.00200898e+000
   1423  4.95308736e+000  5.00197460e+000
   1424  5.09592687e+000  5.00204058e+000
   1425  4.94777632e+000  5.00200250e+000
   1426  4.86809197e+000  5.00190859e+000
   1427  4.82849121e+000  5.00178707e+000
   1428  5.30017396e+000  5.00199602e+000
   1429  5.06095563e+000  5.00203728e+000
   1430  4.96298771e+000  5.00200997e+000
   1431  4.83662838e+000  5.00189440e+000
   1432  4.96579843e+000  5.00186919e+000
   1433  5.03443699e+000  5.00189192e+000
   1434  4.93195256e+000  5.00184315e+000
   1435  5.06310124e+000  5.00188584e+000
   1436  5.15283959e+000  5.00199096e+000
   1437  5.46796985e+000  5.00231523e+000
   1438  4.82787109e+000  5.00219392e+000
   1439  5.05576763e+000  5.00223115e+000
   1440  5.12797094e+000  5.00231847e+000
   1441  5.22300057e+000  5.00247162e+000
   1442  5.08840649e+000  5.00253121e+000
   1443  4.81456122e+000  5.00240095e+000
   1444  5.03336645e+000  5.00242239e+000
   1445  5.02528787e+000  5.00243821e+000
   1446  5.00702918e+000  5.00244139e+000
   1447  5.04293149e+000  5.00246937e+000
   1448  5.03172121e+000  5.00248957e+000
   1449  5.34092321e+000  5.00272314e+000
   1450  5.20388113e+000  5.00286187e+000
   1451  4.86539691e+000  5.00276713e+000
   1452  4.74705103e+000  5.00259101e+000
   1453  4.90990177e+000  5.00252722e+000
   1454  4.94452264e+000  5.00248733e+000
   1455  4.92468888e+000  5.00243386e+000
   1456  4.93226823e+000  5.00238567e+000
   1457  5.10528936e+000  5.00245630e+000
   1458  5.05489437e+000  5.00249226e+000
   1459  4.94061988e+000  5.00244986e+000
   1460  4.98737944e+000  5.00243953e+000
   1461  5.08022970e+000  5.00249278e+000
   1462  5.07827718e+000  5.00254461e+000
   1463  4.98543061e+000  5.00253292e+000
   1464  5.11644824e+000  5.00261073e+000
   1465  5.01051820e+000  5.00261612e+000
   1466  5.15840695e+000  5.00272239e+000
   1467  4.76864841e+000  5.00256283e+000
   1468  4.86003215e+000  5.00246574e+000
   1469  5.27095155e+000  5.00264851e+000
   1470  5.19887179e+000  5.00278200e+000
   1471  4.97929487e+000  5.00276603e+000
   1472  5.08743206e+000  5.00282355e+000
   1473  5.02693757e+000  5.00283992e+000
   1474  4.83695375e+000  5.00272738e+000
   1475  5.01640964e+000  5.00273665e+000
   1476  4.67830314e+000  5.00251685e+000
   1477  5.04704210e+000  5.00254699e+000
   1478  5.05114795e+000  5.00257987e+000
   1479  4.84407541e+000  5.00247270e+000
   1480  4.77171843e+000  5.00231679e+000
   1481  5.20652843e+000  5.00245468e+000
   1482  5.00740024e+000  5.00245801e+000
   1483  5.15744549e+000  5.00256252e+000
   1484  5.17945400e+000  5.00268172e+000
   1485  4.74864997e+000  5.00251066e+000
   1486  5.04541820e+000  5.00253953e+000
   1487  4.87744027e+000  5.00245540e+000
   1488  4.83806392e+000  5.00234492e+000
   1489  5.07268512e+000  5.00239216e+000
   1490  4.95524562e+000  5.00236052e+000
   1491  5.17677355e+000  5.00247750e+000
   1492  4.76512406e+000  5.00231842e+000
   1493  4.89491549e+000  5.00224648e+000
   1494  4.80154909e+000  5.00211214e+000
   1495  4.87192741e+000  5.00202506e+000
   1496  5.13973279e+000  5.00211711e+000
   1497  4.80489656e+000  5.00198537e+000
   1498  5.10600359e+000  5.00205481e+000
   1499  5.07904750e+000  5.00210617e+000
   1500  4.92587699e+000  5.00205535e+000
   1501  4.92942424e+000  5.00200696e+000
   1502  4.91082317e+000  5.00194625e+000
   1503  5.11356870e+000  5.00202052e+000
   1504  4.83803073e+000  5.00191148e+000
   1505  4.90934293e+000  5.00184998e+000
   1506  4.70181948e+000  5.00165075e+000
   1507  5.01913088e+000  5.00166235e+000
   1508  5.20904138e+000  5.00179987e+000
   1509  4.88468477e+000  5.00172226e+000
   1510  4.81359788e+000  5.00159768e+000
   1511  4.95461505e+000  5.00156658e+000
   1512  4.81681099e+000  5.00144439e+000
   1513  4.77100747e+000  5.00129208e+000
   1514  4.70483653e+000  5.00109627e+000
   1515  4.66267142e+000  5.00087289e+000
   1516  4.98108091e+000  5.00085984e+000
   1517  5.05298402e+000  5.00089420e+000
   1518  4.86257311e+000  5.00080308e+000
   1519  4.85220155e+000  5.00070525e+000
   1520  5.02010864e+000  5.00071801e+000
   1521  5.17590192e+000  5.00083319e+000
   1522  5.16140859e+000  5.00093869e+000
   1523  5.17277086e+000  5.00105152e+000
   1524  5.09410299e+000  5.00111257e+000
   1525  5.02063227e+000  5.00112537e+000
   1526  5.19571913e+000  5.00125289e+000
   1527  5.00073565e+000  5.00125255e+000
   1528  4.89217110e+000  5.00118117e+000
   1529  4.97516397e+000  5.00116415e+000
   1530  5.23849599e+000  5.00131927e+000
   1531  5.07433365e+000  5.00136696e+000
   1532  4.93065962e+000  5.00132081e+000
   1533  5.21001291e+000  5.00145694e+000
   1534  5.14399671e+000  5.00154986e+000
   1535  5.31173240e+000  5.00175193e+000
   1536  4.87362849e+000  5.00166852e+000
   1537  5.01138250e+000  5.00167484e+000
   1538  4.94270055e+000  5.00163649e+000
   1539  5.03787885e+000  5.00166004e+000
   1540  5.16271223e+000  5.00176462e+000
   1541  4.96388403e+000  5.00174004e+000
   1542  5.00965799e+000  5.00174518e+000
   1543  4.88620098e+000  5.00167029e+000
   1544  4.97619951e+000  5.00165380e+000
   1545  4.88625411e+000  5.00157910e+000
   1546  4.95456737e+000  5.00154870e+000
   1547  5.04160032e+000  5.00157459e+000
   1548  5.00881383e+000  5.00157926e+000
   1549  5.17556566e+000  5.00169158e+000
   1550  4.95882086e+000  5.00166393e+000
   1551  5.01372135e+000  5.00167170e+000
   1552  5.09625540e+000  5.00173264e+000
   1553  5.08045285e+000  5.00178333e+000
   1554  5.04036164e+000  5.00180816e+000
   1555  4.92404291e+000  5.00175815e+000
   1556  5.00050956e+000  5.00175734e+000
   1557  4.82017248e+000  5.00164072e+000
   1558  4.90411334e+000  5.00157812e+000
   1559  4.75841420e+000  5.00142215e+000
   1560  5.19392441e+000  5.00154555e+000
   1561  5.08947530e+000  5.00160188e+000
   1562  4.99902022e+000  5.00160022e+000
   1563  4.93337325e+000  5.00155657e+000
   1564  4.97515321e+000  5.00153969e+000
   1565  5.08270218e+000  5.00159155e+000
   1566  4.98886245e+000  5.00158342e+000
   1567  4.98245260e+000  5.00157121e+000
   1568  5.06481562e+000  5.00161155e+000
   1569  5.21633458e+000  5.00174840e+000
   1570  4.84037942e+000  5.00164562e+000
   1571  4.89484825e+000  5.00157764e+000
   1572  5.05892928e+000  5.00161412e+000
   1573  4.99067468e+000  5.00160717e+000
   1574  5.00169866e+000  5.00160723e+000
   1575  4.90871536e+000  5.00154825e+000
   1576  5.16337563e+000  5.00165093e+000
   1577  4.97503543e+000  5.00163405e+000
   1578  4.96604013e+000  5.00161150e+000
   1579  4.92503893e+000  5.00156300e+000
   1580  4.80765505e+000  5.00144027e+000
   1581  5.17950069e+000  5.00155290e+000
   1582  4.99582611e+000  5.00154928e+000
   1583  4.83956121e+000  5.00144695e+000
   1584  5.01409932e+000  5.00145494e+000
   1585  4.98300426e+000  5.00144330e+000
   1586  5.06322799e+000  5.00148225e+000
   1587  4.95555942e+000  5.00145332e+000
   1588  4.88119371e+000  5.00137759e+000
   1589  5.03220536e+000  5.00139699e+000
   1590  4.90413298e+000  5.00133581e+000
   1591  4.91154476e+000  5.00127938e+000
   1592  5.21939886e+000  5.00141639e+000
   1593  5.00989303e+000  5.00142171e+000
   1594  4.97733262e+000  5.00140660e+000
   1595  4.83295089e+000  5.00130098e+000
   1596  4.93071819e+000  5.00125676e+000
   1597  5.02628571e+000  5.00127243e+000
   1598  5.16987785e+000  5.00137794e+000
   1599  5.05129973e+000  5.00140916e+000
   1600  5.17602159e+000  5.00151829e+000
   1601  4.91084706e+000  5.00146166e+000
   1602  5.03913950e+000  5.00148518e+000
   1603  4.93400318e+000  5.00144308e+000
   1604  5.08658051e+000  5.00149616e+000
   1605  4.96919041e+000  5.00147603e+000
   1606  5.00295133e+000  5.00147695e+000
   1607  4.92056651e+000  5.00142660e+000
   1608  4.80079222e+000  5.00130183e+000
   1609  4.96891751e+000  5.00128170e+000
   1610  4.79122575e+000  5.00115123e+000
   1611  4.85800965e+000  5.00106238e+000
   1612  4.99488241e+000  5.00105854e+000
   1613  5.06189617e+000  5.00109626e+000
   1614  5.00796982e+000  5.00110052e+000
   1615  5.07580904e+000  5.00114678e+000
   1616  4.77325591e+000  5.00100576e+000
   1617  4.91068693e+000  5.00094990e+000
   1618  5.13034949e+000  5.00102988e+000
   1619  4.96275093e+000  5.00100623e+000
   1620  4.88213163e+000  5.00093285e+000
   1621  4.96126082e+000  5.00090838e+000
   1622  4.66540187e+000  5.00070153e+000
   1623  4.94656329e+000  5.00066818e+000
   1624  5.02730983e+000  5.00068458e+000
   1625  4.92347518e+000  5.00063707e+000
   1626  4.94745784e+000  5.00060436e+000
   1627  5.01235989e+000  5.00061159e+000
   1628  4.91331527e+000  5.00055797e+000
   1629  5.03649829e+000  5.00058003e+000
   1630  5.15571358e+000  5.00067520e+000
   1631  5.14404804e+000  5.00076311e+000
   1632  5.10926634e+000  5.00082959e+000
   1633  4.94367638e+000  5.00079459e+000
   1634  5.12754572e+000  5.00087216e+000
   1635  5.05105776e+000  5.00090286e+000
   1636  5.07218058e+000  5.00094643e+000
   1637  5.04541473e+000  5.00097359e+000
   1638  5.00848624e+000  5.00097818e+000
   1639  4.86003762e+000  5.00089219e+000
   1640  5.02230470e+000  5.00090524e+000
   1641  5.09959175e+000  5.00096538e+000
   1642  4.95452552e+000  5.00093710e+000
   1643  5.03628145e+000  5.00095861e+000
   1644  5.05121679e+000  5.00098918e+000
   1645  4.86947203e+000  5.00090923e+000
   1646  5.07972182e+000  5.00095711e+000
   1647  4.86583246e+000  5.00087507e+000
   1648  4.92273184e+000  5.00082765e+000
   1649  5.03651187e+000  5.00084929e+000
   1650  4.88070292e+000  5.00077648e+000
   1651  5.13745357e+000  5.00085926e+000
   1652  5.02561624e+000  5.00087425e+000
   1653  5.01712620e+000  5.00088408e+000
   1654  4.95487916e+000  5.00085626e+000
   1655  5.12871566e+000  5.00093352e+000
   1656  5.02988740e+000  5.00095100e+000
   1657  5.08172641e+000  5.00099975e+000
   1658  4.87488027e+000  5.00092369e+000
   1659  4.94001277e+000  5.00088697e+000
   1660  5.16288465e+000  5.00098456e+000
   1661  4.99739517e+000  5.00098240e+000
   1662  5.02440667e+000  5.00099649e+000
   1663  5.06213501e+000  5.00103326e+000
   1664  4.89060421e+000  5.00096689e+000
   1665  5.06297591e+000  5.00100414e+000
   1666  5.19427475e+000  5.00112014e+000
   1667  5.05827059e+000  5.00115443e+000
   1668  4.92129429e+000  5.00110655e+000
   1669  4.89184551e+000  5.00104108e+000
   1670  4.99575581e+000  5.00103792e+000
   1671  5.00334601e+000  5.00103930e+000
   1672  5.28460566e+000  5.00120890e+000
   1673  4.98855180e+000  5.00120133e+000
   1674  4.85134472e+000  5.00111181e+000
   1675  4.75236696e+000  5.00096331e+000
   1676  4.94754203e+000  5.00093143e+000
   1677  4.91168794e+000  5.00087822e+000
   1678  5.14094202e+000  5.00096169e+000
   1679  4.98294291e+000  5.00095096e+000
   1680  4.75831973e+000  5.00080653e+000
   1681  4.79553718e+000  5.00068442e+000
   1682  4.84853888e+000  5.00059397e+000
   1683  4.90658334e+000  5.00053811e+000
   1684  4.64990833e+000  5.00032990e+000
   1685  4.99518462e+000  5.00032684e+000
   1686  4.97166650e+000  5.00030984e+000
   1687  4.88932137e+000  5.00024405e+000
   1688  5.21770577e+000  5.00037288e+000
   1689  5.11248145e+000  5.00043926e+000
   1690  4.98151653e+000  5.00042806e+000
   1691  4.67896250e+000  5.00023796e+000
   1692  4.67242045e+000  5.00004421e+000
   1693  4.84009773e+000  4.99994973e+000
   1694  4.98927300e+000  4.99994343e+000
   1695  4.72214145e+000  4.99977954e+000
   1696  5.06058058e+000  4.99981539e+000
   1697  4.95947184e+000  4.99979161e+000
   1698  4.99760622e+000  4.99979033e+000
   1699  5.32401142e+000  4.99998116e+000
   1700  5.10836889e+000  5.00004491e+000
   1701  5.12917203e+000  5.00012083e+000
   1702  4.83365494e+000  5.00002302e+000
   1703  4.89157593e+000  4.99995934e+000
   1704  4.92986094e+000  4.99991820e+000
   1705  4.90501953e+000  4.99986254e+000
   1706  5.07941755e+000  4.99990918e+000
   1707  5.28610641e+000  5.00007684e+000
   1708  5.02426354e+000  5.00009100e+000
   1709  5.12436318e+000  5.00016371e+000
   1710  4.79916832e+000  5.00004617e+000
   1711  4.91840974e+000  4.99999846e+000
   1712  5.02519997e+000  5.00001318e+000
   1713  5.01196018e+000  5.00002016e+000
   1714  5.05047110e+000  5.00004959e+000
   1715  5.01014271e+000  5.00005548e+000
   1716  5.08474888e+000  5.00010483e+000
   1717  4.87528994e+000  5.00003214e+000
   1718  5.11989533e+000  5.00010191e+000
   1719  4.91973054e+000  5.00005515e+000
   1720  5.05467662e+000  5.00008691e+000
   1721  5.20701192e+000  5.00020714e+000
   1722  5.02698069e+000  5.00022269e+000
   1723  5.23644858e+000  5.00035979e+000
   1724  5.08470082e+000  5.00040871e+000
   1725  4.91527238e+000  5.00035936e+000
   1726  5.00017352e+000  5.00035925e+000
   1727  5.13098053e+000  5.00043489e+000
   1728  5.00028797e+000  5.00043480e+000
   1729  4.95475681e+000  5.00040838e+000
   1730  5.03528654e+000  5.00042854e+000
   1731  4.97613866e+000  5.00041451e+000
   1732  5.03880723e+000  5.00043668e+000
   1733  5.03791747e+000  5.00045831e+000
   1734  4.90588011e+000  5.00040376e+000
   1735  4.82986507e+000  5.00030547e+000
   1736  4.83242340e+000  5.00020876e+000
   1737  5.03627756e+000  5.00022953e+000
   1738  4.96385656e+000  5.00020860e+000
   1739  4.88374097e+000  5.00014163e+000
   1740  4.93577030e+000  5.00010463e+000
   1741  4.97673686e+000  5.00009121e+000
   1742  5.01192232e+000  5.00009800e+000
   1743  4.92613172e+000  5.00005556e+000
   1744  5.00744887e+000  5.00005980e+000
   1745  5.08195217e+000  5.00010673e+000
   1746  4.93272458e+000  5.00006814e+000
   1747  5.11840340e+000  5.00013588e+000
   1748  5.10490305e+000  5.00019581e+000
   1749  5.21083525e+000  5.00031625e+000
   1750  4.88061688e+000  5.00024785e+000
   1751  4.87196876e+000  5.00017459e+000
   1752  5.11259251e+000  5.00023875e+000
   1753  4.92274509e+000  5.00019455e+000
   1754  5.02428416e+000  5.00020828e+000
   1755  5.14859228e+000  5.00029283e+000
   1756  4.87386082e+000  5.00022083e+000
   1757  4.83475684e+000  5.00012666e+000
   1758  4.97267176e+000  5.00011104e+000
   1759  5.20336484e+000  5.00022659e+000
   1760  5.32345318e+000  5.00041024e+000
   1761  4.85312489e+000  5.00032660e+000
   1762  4.81107421e+000  5.00021920e+000
   1763  5.11772272e+000  5.00028585e+000
   1764  5.18459902e+000  5.00039033e+000
   1765  4.92796018e+000  5.00034929e+000
   1766  4.85307814e+000  5.00026590e+000
   1767  5.06367278e+000  5.00030179e+000
   1768  4.77668339e+000  5.00017530e+000
   1769  4.96248069e+000  5.00015400e+000
   1770  5.01419251e+000  5.00016193e+000
   1771  5.08113675e+000  5.00020765e+000
   1772  4.84212266e+000  5.00011844e+000
   1773  5.26210997e+000  5.00026621e+000
   1774  4.87591975e+000  5.00019611e+000
   1775  5.01507425e+000  5.00020449e+000
   1776  4.75564078e+000  5.00006679e+000
   1777  5.00769652e+000  5.00007108e+000
   1778  4.93875744e+000  5.00003660e+000
   1779  5.06229650e+000  5.00007159e+000
   1780  5.07273478e+000  5.00011242e+000
   1781  5.34203633e+000  5.00030440e+000
   1782  5.12895802e+000  5.00037660e+000
   1783  5.10822458e+000  5.00043708e+000
   1784  5.01625688e+000  5.00044595e+000
   1785  4.81557304e+000  5.00034238e+000
   1786  4.98079385e+000  5.00033144e+000
   1787  4.95340906e+000  5.00030518e+000
   1788  4.96472044e+000  5.00028528e+000
   1789  5.35392357e+000  5.00048295e+000
   1790  4.97369124e+000  5.00046798e+000
   1791  5.24834073e+000  5.00060638e+000
   1792  4.94360443e+000  5.00057457e+000
   1793  5.09794028e+000  5.00062888e+000
   1794  4.92613012e+000  5.00058735e+000
   1795  5.01019526e+000  5.00059270e+000
   1796  4.99634574e+000  5.00059034e+000
   1797  5.00144950e+000  5.00059082e+000
   1798  5.04573695e+000  5.00061592e+000
   1799  5.12904627e+000  5.00068731e+000
   1800  5.22320507e+000  5.00081094e+000
   1801  4.89584601e+000  5.00075265e+000
   1802  4.91140123e+000  5.00070307e+000
   1803  5.02419357e+000  5.00071610e+000
   1804  4.79711564e+000  5.00060324e+000
   1805  5.03565540e+000  5.00062266e+000
   1806  4.97575581e+000  5.00060889e+000
   1807  5.08806347e+000  5.00065729e+000
   1808  4.96963037e+000  5.00064012e+000
   1809  4.96745713e+000  5.00062178e+000
   1810  5.01258944e+000  5.00062839e+000
   1811  4.93582573e+000  5.00059261e+000
   1812  5.11572054e+000  5.00065615e+000
   1813  5.03184063e+000  5.00067335e+000
   1814  5.07218710e+000  5.00071277e+000
   1815  4.93180634e+000  5.00067481e+000
   1816  4.81104242e+000  5.00057038e+000
   1817  4.99386748e+000  5.00056669e+000
   1818  5.05665505e+000  5.00059754e+000
   1819  5.05172076e+000  5.00062565e+000
   1820  5.05239850e+000  5.00065410e+000
   1821  4.94048457e+000  5.00062105e+000
   1822  5.10608869e+000  5.00067894e+000
   1823  4.94213144e+000  5.00064682e+000
   1824  4.95038284e+000  5.00061927e+000
   1825  4.81897706e+000  5.00051974e+000
   1826  4.91687332e+000  5.00047393e+000
   1827  5.06903128e+000  5.00051145e+000
   1828  4.99001188e+000  5.00050571e+000
   1829  4.84482232e+000  5.00042059e+000
   1830  4.83620009e+000  5.00033085e+000
   1831  4.98734812e+000  5.00032376e+000
   1832  4.98977255e+000  5.00031800e+000
   1833  5.17397591e+000  5.00041274e+000
   1834  5.12660682e+000  5.00048155e+000
   1835  5.02149221e+000  5.00049300e+000
   1836  4.94370114e+000  5.00046207e+000
   1837  4.99056288e+000  5.00045668e+000
   1838  4.93991292e+000  5.00042374e+000
   1839  5.03273492e+000  5.00044131e+000
   1840  4.99175404e+000  5.00043659e+000
   1841  4.99104332e+000  5.00043149e+000
   1842  4.93567874e+000  5.00039633e+000
   1843  4.94018011e+000  5.00036366e+000
   1844  5.12622888e+000  5.00043192e+000
   1845  5.06828586e+000  5.00046869e+000
   1846  4.93659721e+000  5.00043409e+000
   1847  5.04269241e+000  5.00045697e+000
   1848  4.90598237e+000  5.00040585e+000
   1849  4.98334840e+000  5.00039662e+000
   1850  5.19501506e+000  5.00050182e+000
   1851  4.90213822e+000  5.00044868e+000
   1852  5.03130465e+000  5.00046534e+000
   1853  4.89047922e+000  5.00040599e+000
   1854  5.01599389e+000  5.00041440e+000
   1855  4.93460824e+000  5.00037892e+000
   1856  4.92005437e+000  5.00033564e+000
   1857  5.03216145e+000  5.00035278e+000
   1858  4.88619980e+000  5.00029134e+000
   1859  4.84926809e+000  5.00021010e+000
   1860  4.85687444e+000  5.00013304e+000
   1861  4.93418905e+000  5.00009761e+000
   1862  5.31078144e+000  5.00026446e+000
   1863  5.11120340e+000  5.00032401e+000
   1864  4.92612757e+000  5.00028420e+000
   1865  4.65794655e+000  5.00010065e+000
   1866  4.93879711e+000  5.00006779e+000
   1867  4.94128459e+000  5.00003631e+000
   1868  4.80661232e+000  4.99993276e+000
   1869  5.06735487e+000  4.99996883e+000
   1870  4.97286075e+000  4.99995434e+000
   1871  5.03598757e+000  4.99997360e+000
   1872  5.02547758e+000  4.99998722e+000
   1873  5.09709812e+000  5.00003907e+000
   1874  4.99561532e+000  5.00003671e+000
   1875  4.74215169e+000  4.99989917e+000
   1876  5.06158673e+000  4.99993205e+000
   1877  4.96998546e+000  4.99991610e+000
   1878  4.95474604e+000  4.99989205e+000
   1879  5.16640871e+000  4.99998067e+000
   1880  5.22439606e+000  5.00010004e+000
   1881  4.95142764e+000  5.00007416e+000
   1882  4.79413675e+000  4.99996473e+000
   1883  4.88930673e+000  4.99990597e+000
   1884  4.94687077e+000  4.99987782e+000
   1885  5.00604104e+000  4.99988109e+000
   1886  4.99145716e+000  4.99987662e+000
   1887  5.05028080e+000  4.99990333e+000
   1888  5.10162200e+000  4.99995721e+000
   1889  4.98146871e+000  4.99994742e+000
   1890  5.01824850e+000  4.99995710e+000
   1891  5.03519383e+000  4.99997574e+000
   1892  5.04397101e+000  4.99999899e+000
   1893  4.97537822e+000  4.99998598e+000
   1894  4.84326752e+000  4.99990324e+000
   1895  5.13191060e+000  4.99997290e+000
   1896  4.85149798e+000  4.99989459e+000
   1897  4.93077848e+000  4.99985816e+000
   1898  4.96617048e+000  4.99984041e+000
   1899  4.99037387e+000  4.99983542e+000
   1900  4.87227254e+000  4.99976828e+000
   1901  4.85641126e+000  4.99969287e+000
   1902  4.97657238e+000  4.99968072e+000
   1903  4.97873800e+000  4.99966971e+000
   1904  5.02389054e+000  4.99968243e+000
   1905  5.12063897e+000  4.99974593e+000
   1906  5.04922686e+000  4.99977189e+000
   1907  4.81223053e+000  4.99967354e+000
   1908  4.91656507e+000  4.99962999e+000
   1909  4.93034488e+000  4.99959369e+000
   1910  5.06528495e+000  4.99962809e+000
   1911  4.93133599e+000  4.99959235e+000
   1912  5.02614550e+000  4.99960624e+000
   1913  4.87948900e+000  4.99954345e+000
   1914  5.09256929e+000  4.99959205e+000
   1915  5.04750931e+000  4.99961707e+000
   1916  4.98211252e+000  4.99960794e+000
   1917  5.00259954e+000  4.99960950e+000
   1918  4.74938128e+000  4.99947903e+000
   1919  5.08523815e+000  4.99952372e+000
   1920  5.06721555e+000  4.99955898e+000
   1921  4.94394613e+000  4.99953003e+000
   1922  4.89947660e+000  4.99947797e+000
   1923  5.11799459e+000  4.99953960e+000
   1924  4.94551383e+000  4.99951152e+000
   1925  4.87383494e+000  4.99944624e+000
   1926  5.19878265e+000  4.99954973e+000
   1927  4.70739719e+000  4.99939812e+000
   1928  5.01493467e+000  4.99940618e+000
   1929  4.93072799e+000  4.99937058e+000
   1930  4.82818528e+000  4.99928188e+000
   1931  5.06200871e+000  4.99931437e+000
   1932  5.12869123e+000  4.99938133e+000
   1933  4.76983594e+000  4.99926258e+000
   1934  4.94648405e+000  4.99923529e+000
   1935  5.01882308e+000  4.99924541e+000
   1936  4.78703236e+000  4.99913580e+000
   1937  4.96349897e+000  4.99911740e+000
   1938  5.08638120e+000  4.99916243e+000
   1939  4.96763494e+000  4.99914617e+000
   1940  5.01348439e+000  4.99915356e+000
   1941  4.98639338e+000  4.99914699e+000
   1942  4.97840391e+000  4.99913631e+000
   1943  5.18637475e+000  4.99923267e+000
   1944  5.02658403e+000  4.99924674e+000
   1945  4.96022813e+000  4.99922668e+000
   1946  4.94271647e+000  4.99919764e+000
   1947  4.99035267e+000  4.99919310e+000
   1948  4.91374736e+000  4.99914924e+000
   1949  4.92817117e+000  4.99911282e+000
   1950  4.91094352e+000  4.99906760e+000
   1951  5.14659917e+000  4.99914322e+000
   1952  4.85166095e+000  4.99906767e+000
   1953  4.93342847e+000  4.99903406e+000
   1954  5.00856614e+000  4.99903894e+000
   1955  4.99497581e+000  4.99903686e+000
   1956  5.04955861e+000  4.99906269e+000
   1957  5.03636280e+000  4.99908175e+000
   1958  4.97120093e+000  4.99906751e+000
   1959  5.01421275e+000  4.99907524e+000
   1960  5.11125698e+000  4.99913247e+000
   1961  4.97502845e+000  4.99912018e+000
   1962  5.23362672e+000  4.99923971e+000
   1963  5.37824388e+000  4.99943278e+000
   1964  4.83921429e+000  4.99935120e+000
   1965  4.92201304e+000  4.99931184e+000
   1966  4.84141374e+000  4.99923153e+000
   1967  4.86355908e+000  4.99916256e+000
   1968  5.31562609e+000  4.99932336e+000
   1969  4.99962865e+000  4.99932352e+000
   1970  5.08240388e+000  4.99936569e+000
   1971  5.04847716e+000  4.99939060e+000
   1972  4.92480561e+000  4.99935278e+000
   1973  5.08498346e+000  4.99939618e+000
   1974  5.22080425e+000  4.99950835e+000
   1975  5.26373177e+000  4.99964213e+000
   1976  5.06639090e+000  4.99967591e+000
   1977  4.84150091e+000  4.99959590e+000
   1978  5.00713271e+000  4.99959971e+000
   1979  4.99629158e+000  4.99959804e+000
   1980  5.03823959e+000  4.99961756e+000
   1981  5.04451208e+000  4.99964022e+000
   1982  4.98244340e+000  4.99963154e+000
   1983  4.90843350e+000  4.99958555e+000
   1984  5.11157207e+000  4.99964200e+000
   1985  5.08171831e+000  4.99968335e+000
   1986  5.14842354e+000  4.99975824e+000
   1987  5.03553155e+000  4.99977624e+000
   1988  4.94231396e+000  4.99974734e+000
   1989  4.91135081e+000  4.99970290e+000
   1990  5.12906666e+000  4.99976790e+000
   1991  4.90358808e+000  4.99971960e+000
   1992  4.85884738e+000  4.99964888e+000
   1993  5.06207087e+000  4.99968020e+000
   1994  5.05134176e+000  4.99970611e+000
   1995  5.00545084e+000  4.99970899e+000
   1996  5.11294520e+000  4.99976572e+000
   1997  5.16740073e+000  4.99984966e+000
   1998  4.94406647e+000  4.99982174e+000
   1999  5.05397874e+000  4.99984883e+000
   2000  5.17294568e+000  4.99993538e+000
