-1.339539	-0.760434	-3.305161
-2.251408	-2.126529	-3.300765
-1.262924	0.773966	4.955486
-1.931149	-1.375078	3.525828
0.362812	1.956622	3.144153
-0.081655	-1.333612	7.050061
1.332946	-1.808453	-2.734617
2.064354	-2.507490	2.670181
-2.299976	-2.306035	-1.885515
1.032955	-0.557880	-3.350902
4.075052	4.089645	-6.511655
0.634040	-9.485420	3.680517
5.345817	-3.030569	-3.592125
3.853997	1.962469	5.105485
-0.359406	-2.221268	3.862125
-2.312656	-2.525778	-5.994884
2.312271	-0.065352	-3.070091
0.414627	0.139419	-2.306204
-5.317404	-1.021328	5.574321
-5.340966	0.513847	6.442373
-2.633083	-0.340634	3.512681
3.134122	-4.624389	5.945118
3.325061	0.063475	2.516111
-4.921805	9.767520	4.309007
-1.842366	2.040700	-6.631389
-6.895302	-0.069075	-6.457357
1.734406	0.982405	2.066146
2.649516	-1.061278	8.194059
1.657614	-2.856548	1.623957
-0.258431	1.933264	4.012330
-1.250592	-5.856145	6.330473
-0.713480	-0.506936	-1.819576
-0.673350	-1.159671	1.651453
0.559406	2.889109	7.893627
1.970855	3.422671	2.544130
1.230581	1.396323	4.232489
1.248583	1.904581	-5.267294
-0.156754	-2.614108	-2.649719
2.191988	-0.021340	-2.516832
0.321549	-2.760017	3.685708
-1.090151	-2.061322	-2.304875
0.351558	0.926247	-4.957829
-4.116193	-1.905114	5.440955
4.440742	-1.884368	-2.568201
0.490232	-0.177560	-3.719221
-0.503318	0.727716	1.170246
-0.456445	-0.453509	-5.268924
0.067676	-3.291088	0.641880
-0.171897	-0.011363	2.773877
-1.883861	2.482279	-6.326649
-4.171189	5.971841	5.051989
2.473850	-2.194627	-7.712156
0.443354	0.625200	2.061799
0.494281	0.984149	4.166983
1.005913	2.175973	2.246583
-0.893928	9.007050	-5.789654
3.102053	3.511904	-3.136007
-0.116517	-1.049564	-3.477276
-1.106066	-2.764935	6.950871
3.543104	-5.614207	4.013852
7.254162	1.286081	5.143832
0.162640	0.754763	3.740383
1.155142	1.010287	-3.794873
0.617513	-2.992716	-2.106851
1.037192	0.609495	-2.289500
-1.525358	3.291827	-1.803384
2.657867	-2.627965	-6.580861
-0.696224	0.072457	3.699728
-2.542735	3.468553	-4.216150
-2.096559	-3.350319	1.431350
-0.722229	0.992153	-3.722575
-5.899549	-2.053685	5.284049
6.595686	2.728308	3.607254
0.149191	0.381695	-3.099838
2.461574	-5.051411	6.774421
0.270133	-2.494761	-3.211742
-3.681253	0.387699	-4.978797
-0.628563	-2.599702	-3.628422
-2.056320	-0.080977	-2.599756
0.224740	0.232619	-2.917220
3.384631	0.708482	2.884122
-0.312308	-1.173049	-3.167042
-0.823451	-1.327988	6.532174
1.926833	3.762334	-2.202070
0.650838	-0.102371	-2.202405
-0.065320	-0.398788	2.180259
2.542329	-0.139413	3.539968
2.378426	-0.239184	-3.399253
3.231749	1.459373	-6.098287
1.114934	-1.227649	-1.305810
5.023128	1.548654	-2.639712
-0.525604	-3.541503	1.094498
-0.754057	-0.462238	-0.692672
3.287425	-0.400189	-1.744554
-0.208128	0.605180	-2.360125
3.539733	0.651342	3.617949
4.710326	-2.271227	-2.587011
-6.755054	2.181753	-3.203577
-0.856840	-2.089760	-4.212621
0.767921	-2.226595	-9.474036
0.867884	2.647791	4.554584
-0.850632	-1.438333	3.880229
-0.784518	0.143478	-3.109164
3.476609	-2.840266	9.000400
-1.837824	-0.870921	-4.651356
-1.043292	-1.128857	-2.301605
-2.470370	-0.994642	-3.210386
-1.645172	-0.532305	-5.112225
-0.457618	-0.408251	1.219999
4.042534	-1.058880	2.153466
0.297191	-0.342312	1.897776
1.260179	1.984750	3.517806
2.797128	-2.657427	2.356555
1.939570	0.454201	-1.906027
3.243408	1.466316	3.849148
0.222194	-2.214902	3.893299
1.479554	-1.888695	3.258749
-0.065439	0.554668	-5.852775
-0.459445	0.336081	4.058335
4.239965	5.029288	-6.137112
-0.593031	2.450314	3.181576
0.630408	0.503655	1.985357
4.856184	0.679037	-6.848444
1.012268	0.651787	-4.619028
3.667203	-0.787053	3.895774
-1.053970	0.001975	6.450684
0.553025	6.387693	-1.666995
-5.373397	-0.975194	-3.433374
1.382859	-1.634012	-1.894705
1.020932	-0.671564	-4.728087
-2.402669	2.822763	2.322931
0.049325	-0.868123	4.756172
7.075124	-2.840828	3.225375
-1.410268	-0.383141	4.031837
0.121119	-3.116235	9.008229
-2.112320	3.140702	-4.279903
2.063839	-3.386348	0.545237
0.066661	2.128796	-3.483592
3.091660	2.349934	4.217332
-0.304081	-4.197925	3.597500
0.263195	-0.380420	0.743458
2.066524	-0.132474	2.070542
-0.592638	-0.697681	5.583742
3.011040	1.792499	-3.012700
2.397276	-1.570167	3.348716
1.880347	-0.434463	-0.999303
-1.267931	0.870026	2.257617
-0.291946	-1.144549	1.858940
0.457364	0.572721	-2.538482
2.050675	-3.374329	7.668657
-1.838307	-2.882634	-4.040516
7.659522	-3.179099	5.161874
-3.043893	2.421562	-3.943150
-0.839388	1.716692	-4.363800
-5.321356	-3.436217	11.155679
-6.349053	-5.167941	-7.914344
-3.236290	2.640208	-5.253156
-0.092245	1.546977	5.067650
0.371565	-0.671871	-2.426920
-0.532192	-1.085420	-1.969803
-0.691129	-1.856176	-5.092545
0.671722	1.716134	-5.248282
-1.960446	2.204345	4.366653
-2.203262	-2.357425	4.209778
-1.348330	-0.466594	5.835100
3.612801	1.329579	-7.389946
-0.180562	-2.218778	3.705919
-1.460722	1.800272	6.253050
-0.179166	-0.751178	7.907318
-2.843183	-0.499312	2.035034
0.393889	2.076508	5.017035
1.192638	0.241949	1.414013
-2.329788	2.060523	-6.466450
-1.494857	0.812434	-1.446854
-2.267489	-2.236912	-4.591121
-0.059349	0.574467	1.271287
2.358142	-2.351314	3.989981
-0.173994	2.476618	3.610690
-1.644424	0.654023	7.930097
0.911608	1.948710	3.742269
-1.510393	-0.737448	2.417372
-1.971803	-2.922469	-3.082825
1.045882	2.808178	3.336718
0.519006	1.020561	-3.498089
-0.129968	-0.708107	-5.649626
-0.938390	1.915593	-1.417192
2.800686	-3.614996	-3.596884
-0.289133	2.157431	1.945536
0.083009	-0.867535	-1.916678
-0.770265	-0.270982	3.404232
0.889478	1.629057	4.457151
-2.907538	-1.159964	1.723947
-1.141005	-1.015947	4.642745
1.270233	3.342817	-4.056651
-0.779201	4.286216	-1.397562
-2.658193	-2.841455	2.072103
-1.204091	-2.142990	-1.839629
0.535765	0.166297	-3.164600
7.862501	2.754254	2.773222
1.140523	2.546757	3.106753


1.491120	-3.802566	-4.690111
-1.164986	-0.511346	2.495358
-1.963372	-1.549812	-4.441289
-0.240296	-1.984312	-2.326342
1.116900	-1.873083	3.180858
-5.649253	0.782897	7.836115
2.073546	0.099087	3.784636
0.904588	5.630277	3.863863
4.049655	-0.257275	-3.885126
-1.356240	-1.222388	4.023626
1.634405	0.148041	3.417326
0.485484	-0.713457	-1.798808
-0.869041	2.723496	3.958967
-1.704227	0.202833	-1.017311
0.017382	2.755317	9.194634
0.386771	0.083782	-5.956972
2.358118	0.968876	-2.782536
-4.894390	-0.567692	4.670541
0.103406	-3.356075	7.103859
-2.942040	-2.526561	3.988948
-1.079527	5.801871	2.652700
0.138753	3.531017	-3.206406
-2.137238	3.131307	7.770717
-0.741589	2.172335	4.239028
-0.145281	0.333723	-3.752405
0.545087	1.789018	-3.667199
0.007125	-0.756908	0.929036
-2.690448	1.647709	3.347587
-2.760987	-0.640887	2.894128
3.092122	-0.846639	2.277495
-1.274702	-1.043465	1.305493
-1.092847	-1.131294	2.208100
-3.199930	3.669143	3.124427
1.219849	-0.390433	4.153462
4.578762	0.976936	5.225365
0.449344	-1.724666	-3.109705
-2.831682	2.826461	4.017415
0.106169	-1.863852	1.011731
2.872878	1.806381	-2.958426
-1.396830	-2.113493	1.237240
-4.765741	-1.676243	-7.061110
-2.526523	-5.535136	-4.515489
-0.482189	0.925442	-1.235018
-0.449826	-0.080377	2.313642
-1.687102	-3.833025	-2.441565
-3.382204	6.665382	-1.809630
0.029501	-0.520749	2.059983
-0.171889	0.982409	2.001297
-0.257206	-3.759179	-4.385619
-3.636112	-3.060822	1.885872
0.403835	-2.239560	-10.177725
-6.301443	-0.204026	-5.280497
2.732966	3.807487	4.231186
-3.802071	0.835678	4.079752
-3.991077	-2.016050	1.501176
-3.794443	1.989126	2.988893
-0.455839	-0.049830	-1.445972
-1.514101	0.181653	-1.826748
-3.876446	-2.028337	-5.542193
1.028935	0.371953	4.852239
-2.088303	-0.451925	-2.225561
-1.402508	-0.007531	1.995369
-4.243310	2.428406	-3.415398
-0.788452	1.188892	-3.549154
-0.539719	-3.793631	-4.231082
-0.220205	3.275514	-6.449471
0.962267	0.724757	1.911585
-1.704532	-1.096435	-3.161487
0.881060	1.278219	2.663472
-1.233678	1.084959	4.374467
3.154916	-3.839665	-7.397666
1.751314	4.799407	3.673131
-1.397005	-0.921782	1.955889
-0.505260	0.224443	1.581848
-0.606067	-2.434740	-2.384158
-3.791980	-0.037435	4.222396
3.436445	-1.507824	5.211353
-0.606048	2.034788	2.775969
-1.638585	-0.962079	-3.500332
-2.156200	-1.799720	-5.352787
1.558079	0.646767	-2.032979
-0.855619	0.613048	-1.855486
-2.065762	1.854212	2.066374
0.022504	-2.017028	-5.387659
-1.818191	-0.901035	-5.710421
-0.666605	2.342128	-2.275898
-1.745774	2.087692	2.280814
-4.035502	2.020357	3.184542
1.301527	2.358542	-5.360399
6.864617	-2.252882	3.028781
-1.622863	0.876518	2.819035
-2.470750	-2.943714	8.370597
2.729137	-1.124932	2.233199
-1.419442	-0.592606	1.342509
-0.306395	-1.135584	-6.572502
-1.185904	1.759184	2.213567
-0.486888	2.587661	-9.239094
-1.106513	-0.800871	4.581900
2.150139	2.356473	-8.393534
-0.924292	0.967209	-4.112445


0.989094	-4.589488	-7.724154
4.281654	0.695932	-3.103209
-0.422513	-0.425550	2.813026
-0.421957	0.983054	-1.910329
1.755220	4.849765	-2.471127
-2.654601	3.276422	-8.766760
-1.246264	3.920236	-4.143813
-0.025295	1.972279	-2.269763
-1.147415	-1.390902	-3.338769
4.193709	-1.368478	1.696349
0.806759	-0.585972	2.163199
-2.609822	2.672553	-3.687712
-2.635205	-0.057075	2.098219
-0.342170	2.711215	2.527318
-0.598517	3.150767	-7.912266
-1.787544	-3.183427	0.827750
0.299435	-1.647494	5.373245
-2.819023	-0.515071	3.072493
-2.572627	-2.808602	-2.946973
1.977557	0.982521	1.259979
-6.052924	1.675364	-3.821358
1.491214	-2.597371	4.503380
-3.212517	-1.150380	-5.664561
-1.953313	3.620385	0.710139
-1.369816	0.143473	5.040918
1.958364	2.264986	-5.205104
0.945573	1.393094	4.587667
1.492001	0.110185	1.574513
-0.643795	1.227143	4.879139
0.852353	-2.465965	4.121365
-3.938492	-4.416909	-4.680078
1.769098	0.551479	2.582291
1.321251	-4.705409	4.984058
-0.399737	-1.296930	-3.914922
-1.292179	2.859284	-5.887232
2.893002	-4.131472	7.456784
-0.661219	2.413341	-4.781981
-1.609571	0.679125	2.277082
-1.517507	0.938500	-2.735666
-2.268253	-2.654860	-1.096043
-0.031594	0.324223	-1.755319
-4.972770	0.482686	5.134323
2.292047	2.952363	5.438784
0.235610	1.009425	-2.253481
-2.336503	-1.117656	-1.385623
-0.062118	-0.210342	-1.639813
0.967075	0.912742	-1.484421
2.271008	4.205140	-3.110227
5.067747	-1.578929	12.787694
1.150834	3.724826	-1.038761
-0.259402	0.753590	5.946882
-3.025631	0.668076	-5.549072
0.967925	-1.036877	-1.950420
2.469469	2.843317	5.729587
-1.341793	-9.707184	3.365728
-2.807460	-1.865729	4.293125
2.971272	-1.923185	0.907116
-5.116831	-1.379334	-9.249920
-0.503304	1.344958	1.678497
-0.652343	-0.368358	3.086583
3.672093	-1.295535	2.809582
1.413373	-3.032536	-3.043428
0.826378	3.340202	-2.965046
1.749822	-1.640227	-4.048570
-0.421953	2.029389	2.247762
-0.645974	-0.230467	-1.419698
-3.143415	-0.611237	-2.649178
-0.051693	-1.451467	-3.033359
-1.066200	-2.469046	3.400872
1.207790	-1.667400	-1.736779
2.312195	-0.610204	6.848598
-1.574101	-0.626163	1.678452
-0.920691	-0.838352	7.044393
1.624137	-1.209424	7.725781
0.355475	2.650718	3.414323
1.584374	-0.605654	1.252851
-0.908653	-1.364380	5.568520
-1.419764	-4.511439	-5.247599
-2.992505	2.192723	-1.449678
-1.191177	-2.991005	-4.576185
2.509226	2.060993	-2.472342
3.192637	0.922749	-3.749117
2.382114	3.299212	-7.556895
-1.048703	-4.693245	-3.163154
0.742493	-0.383023	5.150183
8.693028	-1.508189	-6.373225
0.328617	1.080515	3.720356
-0.136593	-0.124796	4.650822
-0.320740	0.238648	-1.961374
-1.568702	-1.744876	-2.601991
-0.475120	0.752629	4.533202
0.414953	0.346207	-2.060434
2.259560	1.331359	5.946376
-2.165995	1.359603	-6.477276
-2.463417	-2.180052	-3.824605
0.915128	0.114440	-3.817208
0.312782	0.691127	6.219628
1.341275	-1.306935	-1.636269
1.781020	2.456765	3.685956
-0.428211	-2.665384	-12.080780


-0.107237	-0.911949	2.307711
-1.181153	-0.940247	-1.465799
2.460500	2.446579	-6.842740
3.577225	-0.667109	6.517262
-2.083243	1.320466	-4.369280
-4.716080	0.664349	6.082775
0.396309	0.087547	3.088268
3.719971	1.190604	-3.971028
-2.070282	1.089361	-1.936811
0.928786	-0.623942	-2.599955
-5.268781	0.784359	1.981926
1.248353	-1.425403	-1.988393
0.335471	-1.749137	1.700873
-1.191808	-1.232041	-1.754220
-1.166519	-6.303466	4.941627
-1.465061	-1.475258	2.123927
0.402186	-2.119350	7.184570
-1.985642	-2.223521	-3.511840
3.785080	1.492275	-4.116187
2.926255	1.581289	-2.928710
-1.973993	0.481789	-5.403937
2.478296	-3.751994	-5.727107
0.593014	-0.593642	3.472803
4.916060	-1.416394	-5.140104
2.626568	-1.486979	-2.834348
-0.571450	5.497412	8.376331
-2.734039	2.989912	3.831142
0.070307	4.403342	-2.230204
-1.217247	0.049300	-1.912750
2.181586	-1.711718	2.886061
0.286603	2.050197	1.011852
5.510054	3.999742	-2.802321
3.054010	-3.056940	-9.335085
2.617638	-1.456686	-3.673225
0.327780	-0.877735	-3.162795
1.716932	-0.446421	2.066028
-0.542229	-3.786018	-3.648136
2.768064	0.778426	2.844924
0.480569	1.324745	2.408009
0.656116	-0.956766	5.356981
5.455666	-1.074562	-5.559905
4.467990	-0.422969	7.154409
-2.979981	0.881668	-1.352491
-1.270791	2.829929	-2.564545
-1.208326	-3.698878	2.905919
3.267530	-0.383140	-3.491428
0.871654	1.298068	-7.214955
7.352723	-0.056529	8.063666
1.169462	0.876668	4.701392
4.670333	-2.432773	4.494284
-0.623019	1.142746	-5.795269
-1.714678	-0.384708	3.569684
-0.313006	-3.970577	-2.977780
-3.598262	2.294000	3.393873
-2.775629	-1.061265	-1.540828
0.713017	1.151631	-0.918432
3.643744	-2.236220	-1.945703
-1.623547	-0.957553	3.578238
1.907893	0.542236	4.949157
1.882390	-0.517410	4.153538
-3.604591	5.828955	-5.098305
-0.408902	-0.346861	-2.696795
-2.440278	-4.375486	6.866715
-5.929399	-0.933087	-2.423963
1.729220	-0.632707	-2.864529
-1.516675	-0.094019	2.609918
4.802059	-3.601268	2.441689
0.233447	-1.605988	-1.342517
2.289801	-0.414198	5.139182
-1.101987	-2.401912	9.200213
1.003247	0.850656	-3.871890
-0.188458	-1.630227	-1.229317
-0.805926	-0.099417	4.910887
1.226094	-0.088627	-3.977195
-3.071090	0.858646	3.716916
1.326720	1.970009	-5.148504
-1.587100	-2.213232	-1.633494
-0.486615	3.233356	2.660736
-0.154364	2.417690	5.406110
0.904661	-0.065474	4.233355
4.152769	-0.022862	4.645233
0.185098	1.259650	-2.189004
1.676729	2.431324	-4.688425
-0.126895	2.135587	-2.990528
-4.064911	3.258162	3.336409
-6.490735	0.900697	3.063871
4.456784	-2.699410	7.176646
-1.899335	-3.941280	-4.542013
-2.284809	-0.042894	4.053632
4.110215	-1.692611	3.337733
2.347724	-1.631235	-2.173824
-0.168995	0.899971	-2.953241
-1.646206	4.250138	5.637883
-0.427080	-1.228596	-3.021825
-0.293818	-0.592121	-3.507209
-4.504963	5.266012	3.499527
4.696339	-1.023200	-3.244301
-1.096336	2.688586	1.947266
0.427976	-0.471872	5.846531
1.311702	-1.294560	-4.376991


-5.551817	-1.901100	-2.912206
-0.063351	0.301912	4.209327
4.102663	1.765603	-9.167841
-1.806450	3.298831	4.395854
-4.997578	-3.034536	-7.155325
2.427247	6.386466	-5.999986
0.513179	-1.704551	-2.198643
0.207742	0.582482	-1.199521
-1.680954	-0.307460	1.621726
-0.494589	-1.166085	-4.502081
-1.215358	-3.356552	-8.858888
2.396969	-0.213825	3.840215
1.413093	0.342502	-5.684373
-2.821520	-0.025104	2.392454
0.976060	1.253020	2.132469
-0.851343	-0.069403	1.800409
-0.342879	-2.631666	-1.758357
3.027748	-3.997781	7.879707
-1.283103	-3.105479	4.685947
-2.336053	-0.726703	3.444353
0.849626	-3.781803	1.999429
-0.686802	1.231782	2.454837
-0.241584	0.006205	-1.937080
0.380886	1.033538	5.813416
0.382526	-0.868870	5.239916
0.031051	2.155636	4.103364
-4.068361	-0.882053	3.197541
1.650692	1.888962	1.696193
0.686327	2.628760	7.803159
1.865281	-1.139615	-1.069394
1.612570	0.966488	-3.375507
0.438456	-0.228378	-0.641103
-0.669944	1.389585	3.867172
-2.560486	5.651808	-6.012512
0.858354	0.042629	-2.994513
-2.350343	1.936005	2.197153
3.235631	-4.952417	5.287086
-0.556072	-2.242751	3.656659
0.855268	3.855704	5.838544
1.806311	1.252403	-2.924168
3.887894	-0.498965	4.458780
-2.881207	-2.699573	2.661846
1.697857	0.557649	-4.252475
1.936325	-0.826954	-2.987355
3.870637	-2.056312	-2.405996
-1.139113	1.114371	-6.825455
6.795377	3.890189	6.511920
1.137884	0.460425	-5.063284
-0.819330	-0.265986	3.397031
-1.884393	4.166230	-4.931681
-0.138130	3.167308	-2.961708
-0.324246	-1.427826	-3.897808
-1.103615	-3.092414	-5.667490
5.016189	-0.730092	4.585068
1.188497	0.190986	1.752806
0.899058	0.564125	2.821185
-1.201187	-1.332098	4.370302
-0.834100	1.888995	2.932247
4.289458	-2.791537	5.559350
0.798882	1.233830	2.167566
-2.473643	1.898799	1.782293
0.943249	1.294798	3.186147
1.778172	3.614576	-1.781827
1.385741	-0.999241	-3.272464
-0.769976	1.996100	-2.153901
1.256867	0.064966	-1.516054
-1.744963	-2.207193	-1.980093
1.241080	0.265175	-5.978517
3.683589	-1.201773	2.915076
-1.458276	1.187650	1.858562
-0.333281	0.747770	3.740418
-4.827913	-2.869818	-6.555727
-1.150199	-0.133487	3.107467
-0.842997	0.125713	4.667559
-1.422878	-1.228643	2.630756
0.464759	-0.059136	-2.643814
-0.502311	0.080086	-1.907101
-2.372012	0.560826	3.795062
-0.611328	3.088227	1.300486
0.236948	-6.485908	5.829178
3.666046	3.919915	-4.836174
3.342348	0.281961	2.707509
-0.573273	1.516340	4.208366
1.000796	1.697520	-3.100612
-5.147665	-2.235052	-4.290619
1.435081	-0.230422	3.050974
0.784041	0.867984	-0.800508
0.209786	-1.318710	3.286714
-0.962705	1.487455	-3.359758
-1.170841	-0.510165	-11.031928
0.746832	4.339109	-6.590371
-1.849043	-1.113682	3.108105
-0.230697	2.865606	4.511215
-2.329589	2.456326	-3.665626
1.753766	1.099687	2.385609
0.612558	1.900066	3.321202
-6.963690	-2.681564	-5.274012
-0.912432	-0.832332	5.516788
3.444570	-2.282527	-3.610748
0.266613	3.252613	-4.779458


-4.038544	-4.414012	4.662583
-1.998328	-5.476636	2.955775
0.650710	-5.428361	5.264521
-0.489563	-3.803168	-5.031440
-1.915553	-0.681871	-3.718966
-2.420866	-4.727521	3.032199
0.109499	-1.589003	4.779825
1.845008	2.413205	2.694650
-2.086864	2.807420	3.240010
2.660069	0.353349	2.415988
-0.889348	4.835876	6.564893
4.031430	2.067978	-3.656971
0.050063	0.373243	1.032145
-1.132320	-2.103231	-5.849203
0.697795	-0.756629	1.986810
1.487902	0.262572	-1.866133
1.454614	4.238785	5.525089
-3.353071	3.473265	3.706066
-0.527634	1.385324	8.329141
1.020494	2.156707	-3.315801
1.982042	1.330333	10.027131
2.278468	-2.406691	-8.181001
4.571373	1.308818	-4.815440
2.580038	-0.051960	8.165490
3.706474	4.653015	6.443237
-1.849410	2.237032	-5.191009
2.364486	5.229469	-6.406423
-0.677275	-0.783934	-5.383760
-5.929225	-3.019331	-7.086790
-0.183230	2.442639	4.517816
1.311484	-3.222785	-2.742273
0.628199	-1.243997	1.484715
-3.651610	0.796818	2.528404
0.911825	1.121040	-1.585175
4.622377	4.851652	-5.409116
0.150076	2.778183	2.218168
-0.438068	-2.200641	2.863280
0.564660	3.355235	-2.114104
2.723922	-3.745868	5.132847
-1.302324	3.310472	4.991168
1.225452	-0.405238	-5.392885
-1.955074	1.151840	-4.762176
-3.110651	-1.247837	5.273218
4.594786	-1.543175	2.050376
1.771665	-3.192817	0.874658
3.126749	4.186182	2.390020
0.758967	-2.039007	1.435534
-0.715253	1.820556	-3.795426
3.436461	-3.816553	6.322170
1.788772	-3.949350	-7.830369
0.246371	0.664986	-5.646763
-0.297601	0.469310	-4.290040
0.711607	2.193035	-2.901400
-1.916522	4.778913	9.039796
-0.391736	-0.265951	-3.213907
3.293376	-3.740636	4.346348
0.016702	4.139413	1.975602
1.595060	1.036503	6.960896
1.412816	-0.464063	-6.196401
-2.251422	3.722916	5.394475
-2.358263	2.353008	-5.999827
-3.541639	0.675125	3.946956
1.496662	0.435630	-1.536801
3.019414	-0.702288	-5.752898
-4.820279	-0.075319	-5.589490
-3.338256	-0.557644	-3.919960
-0.214576	-1.844602	3.996291
0.563033	0.531168	-0.940342
1.939332	-1.394429	4.123978
-1.197497	-0.756540	3.849185
1.897240	2.261003	-6.841865
0.070755	0.436275	3.388675
-1.618626	-1.992543	-3.103809
-1.637661	-0.237984	3.281483
3.168745	0.514525	2.773386
-2.646429	0.008726	-3.664094
-0.687782	1.511464	-2.836288
3.289570	2.462817	-1.497751
-1.012135	0.428756	-1.907019
-1.646881	1.619908	-1.332223
-5.320824	-1.123486	6.628742
-5.983135	4.042525	-2.992158
-2.618976	-5.743782	-8.622172
1.303078	-8.604214	3.528234
-0.385339	-0.890998	-0.788093
1.388217	0.642191	1.065494
-0.080863	-0.173866	2.601201
0.559552	0.812026	-3.965733
-0.415599	0.700506	-6.386863
4.365417	1.256536	-6.225623
1.575947	1.998483	6.574663
-0.793464	1.495881	-1.785045
3.826192	0.872399	1.587330
0.661446	-0.105742	-1.397272
-0.372920	0.385334	-4.802240
-0.672834	0.841390	1.912139
4.232839	-1.350975	-1.755716
-0.315356	-3.169455	6.638742
-1.239446	0.033866	-2.739388
1.884431	-0.445412	-3.388215


-0.889266	1.755887	10.510424
-5.891602	3.251527	10.194376
0.398038	0.183864	-3.445507
1.476721	2.408597	4.063449
-1.572065	-0.505749	5.120090
-5.952662	-0.496265	-4.702206
0.435943	1.029487	6.215442
-2.215426	1.037435	2.627841
0.060543	0.967415	3.859308
-5.565040	4.752109	-6.069086
-2.966298	-0.404585	3.907041
0.964792	-1.623638	-2.296732
-2.172057	-1.776413	-3.444831
-0.649715	-1.476552	2.472146
2.048575	2.147360	-1.432747
-1.783009	-3.538651	-9.083284
-5.144456	1.522993	-10.500981
4.364351	2.609247	-1.838051
4.458585	-0.933417	2.773089
4.256339	2.852076	5.683467
-0.059746	-5.556078	2.652977
-1.625092	2.945926	-5.304592
-5.954540	1.807415	2.363156
-3.157379	1.604725	0.790652
2.487727	-2.445981	-5.067998
2.597411	-2.643163	4.665178
-0.157939	-3.644060	-5.130703
-2.150302	-1.898505	0.671710
-6.473080	2.306163	2.194144
0.962197	0.625593	-1.264856
-0.055066	-7.630063	5.041648
-1.037889	-0.230587	-1.227780
-0.057512	3.454055	-5.388770
2.035661	-3.802124	0.919203
6.088270	5.788593	-6.552072
1.318139	-1.265950	-4.415502
0.141164	0.185436	-4.675609
1.720552	0.726635	5.567118
0.323474	-1.757513	2.205211
-2.875723	-5.474715	2.258232
-1.547843	1.220672	1.783063
1.302502	-2.520624	4.945791
0.367733	-1.441606	2.163300
-4.269459	4.351608	-2.297695
1.152651	-0.200501	1.873964
-2.088653	1.189991	2.735384
-1.080144	-0.450920	2.624111
0.573211	-1.828396	-5.612928
-1.074095	2.499980	-1.514771
-4.232682	2.310021	-2.185327
-0.883263	4.722608	-5.551670
0.939322	-0.085361	-3.929638
6.301435	3.351078	5.255848
-2.001507	-1.463501	-4.889450
0.435030	1.007828	1.356907
3.604926	5.216693	-3.797505
-2.621802	-3.682303	2.303852
-2.314240	1.184165	-5.504019
1.053136	-6.945142	7.732341
5.527298	-6.390690	3.885576
-1.614365	-0.921503	-6.239258
-2.822857	-1.716462	2.234444
-1.483579	0.513530	-2.135093
1.582760	-1.956242	2.875931
1.293078	8.879348	6.278741
2.273819	2.104770	-8.421951
0.150860	-0.755278	-2.401179
-6.116676	3.013105	5.421688
0.867720	2.767529	4.764511
-1.995087	0.903036	-4.272660
1.819007	0.621832	2.256009
0.920595	-1.677381	5.233723
-1.589099	-0.955179	4.352788
1.924373	4.077234	4.780667
5.967867	0.916409	5.685395
0.448950	2.117403	2.925552
-2.311410	1.147636	-4.210021
1.663554	0.363041	1.592545
0.752767	0.027333	-3.853541
-0.932564	1.980924	-0.286385
-0.068524	-0.277736	0.217669
-2.567362	-1.852973	-2.486790
-2.289295	0.033837	-4.183091
1.035024	-1.828265	2.363960
0.799539	-3.390720	-5.903875
0.587666	1.084186	1.744912
1.522477	0.712986	4.065844
-3.586277	-2.983797	2.312128
0.852513	0.658131	-1.990863
-0.740681	3.030983	2.919602
0.141580	-3.304116	-2.209721
-0.286871	-0.573670	-1.214361
1.992688	-0.516140	-1.597719
1.136973	-1.375015	3.015774
-2.314486	3.917056	-2.235208
-1.351732	-3.294458	-3.607010
1.571336	2.318657	1.555845
0.692267	-0.906862	2.206185
-1.495912	-0.737632	2.199654
-1.686872	-0.383989	4.860688


2.179839	-0.304050	-3.093852
-0.120145	1.486123	3.890600
0.718759	-0.651375	2.000345
0.982506	0.454327	5.169359
-2.071576	-4.906922	4.120140
-4.136327	-6.146643	4.590128
-0.687597	-0.733289	1.816137
1.242661	0.444183	2.132689
2.575621	-1.673040	-2.568539
-0.656915	-0.135484	-2.262693
0.353229	2.341816	3.004206
0.450540	-1.800122	1.898642
-0.365195	-1.764138	-2.780429
2.376571	-0.847130	3.181219
3.834329	0.062657	-2.116281
0.470111	-0.513133	-3.510171
-0.459715	0.140394	2.438304
-0.983327	2.352228	-5.143882
3.520053	-0.985551	-1.364612
0.510178	-2.368733	4.672568
5.040562	10.806697	-6.413845
1.662402	2.399871	-1.710639
-0.333811	-0.651890	6.007842
3.900183	-2.144265	-4.698873
-2.885844	-2.983567	-3.507085
0.236542	0.463130	-4.155582
6.301370	1.411612	-3.723620
1.115987	-2.485755	5.721825
5.061614	-2.720070	-2.793469
-1.366256	2.195182	2.464316
2.117631	1.843828	2.465947
1.416071	0.707627	-1.894360
2.628046	0.462216	2.717294
-0.436976	0.164525	2.154855
-5.478886	-5.728443	-11.852085
-1.797085	1.289830	-4.982373
0.278846	2.198750	-1.141207
0.812264	2.363611	-4.882558
0.090244	2.899383	-7.312081
2.088649	-2.476735	-10.206726
2.867509	-0.155899	3.812306
3.299141	1.760795	-5.741738
1.635335	0.746151	2.337165
4.468243	4.335882	2.250046
0.826254	-7.557346	-6.492205
-2.064569	-6.133140	1.983947
4.157329	-3.733726	-6.903538
-1.891253	0.473380	-4.772063
-0.760808	-0.698638	2.232991
2.991559	4.823074	3.020746
1.116699	0.176187	-2.517679
-4.594182	-1.759769	2.020209
-1.474794	0.219841	1.145207
2.122248	1.680088	-3.794961
-0.814468	0.591637	1.763121
-0.716330	-0.093546	-3.426630
3.478396	-2.884032	-11.702121
-2.747442	-5.668635	-6.062496
-1.884230	4.338801	-8.039727
-0.465130	-1.146268	-4.044950
-1.467153	2.822483	-1.856719
1.010013	0.342680	-4.345568
1.798443	5.179363	1.476711
2.992820	-0.499930	-4.751970
1.498676	0.333640	-4.072477
2.397495	1.439666	-6.751122
1.299508	-1.622523	-8.290331
0.187704	-2.149679	-5.572846
-6.567816	1.391165	-4.386863
0.890318	-0.440787	-2.015926
8.798418	-6.788440	-5.963180
1.149434	-2.495267	9.390015
0.747819	-1.904303	1.331678
0.035547	-2.900453	3.572726
4.874296	-2.980112	5.346473
-1.617658	0.481971	-0.765609
-2.513569	-0.544821	2.370908
1.103462	2.285121	-3.637901
-1.913828	-2.294080	-1.876874
0.607680	0.780307	0.934712
5.724164	0.784994	5.225374
6.439953	3.758236	-4.216929
-1.235541	0.079655	-0.912554
-3.928178	1.884428	-4.284910
1.810800	3.788838	-3.764475
-1.772706	0.982188	-3.052497
0.447895	0.778926	3.271541
1.164686	-1.460281	2.437974
-0.067914	1.655891	-1.807730
0.543329	-0.585337	-2.553250
-0.393142	2.086112	4.957262
-1.129361	-0.555395	1.773888
-0.396404	0.480862	-3.112270
4.383284	3.783235	1.836240
-1.305277	1.841087	-7.076353
-5.422524	0.269645	4.736698
-1.163651	1.372946	-3.833080
2.341082	-1.131684	-2.899483
-1.578263	-0.216100	5.010766
1.912956	0.082496	2.274150


-6.238207	0.857573	5.964683
-0.681228	-6.309116	-5.308618
-3.195711	2.541624	7.929293
-4.490629	-6.573786	-2.271742
0.918250	-0.990460	-2.811768
5.008915	-2.589741	4.678389
-2.918457	-0.569439	-3.479697
0.548258	-5.116233	4.232667
0.142576	-0.165966	-3.731575
2.555724	-3.168909	4.269940
-2.455046	-2.766751	-1.446821
3.830672	4.263265	-4.734374
3.316920	-1.098247	-5.575628
-0.458377	0.468468	-1.809057
3.627160	1.265549	-2.438294
-4.517878	3.436561	-4.950926
4.825273	1.696154	-1.881030
-1.238550	0.686644	4.935283
-6.490491	-0.291763	-0.413212
3.557535	2.970903	6.480083
-4.566154	0.751039	-6.501212
1.899802	-0.805588	-2.290085
1.090064	-4.187759	-2.473439
-0.337040	1.561673	-3.654143
-3.090071	-4.631002	-4.247776
-1.494093	-0.327515	-1.959898
-0.409561	-5.787694	-3.655996
-1.862681	1.029075	-2.362017
-1.283350	1.837718	1.704031
-1.142157	-1.873471	3.035294
3.424059	0.659129	-1.618744
1.159215	-2.614476	4.778805
-0.514114	-2.133000	0.835852
-3.200005	-1.561074	6.891561
-2.798012	0.053690	2.790315
1.554136	-1.228348	-3.043801
1.420217	-2.092216	-1.558720
-0.091641	-0.547570	-2.730076
-0.759506	2.446941	-1.888562
-4.268135	3.089472	3.001475
-0.104316	-0.027765	-1.780979
-1.008798	-1.062662	6.366147
-2.769452	-0.692329	6.760564
-3.408681	-0.794852	-4.481503
-0.130801	3.434003	3.391434
1.163358	-0.930983	3.654503
1.057734	0.638031	2.211202
1.128087	-4.173517	4.781443
1.038859	-0.497179	-0.933212
-0.730616	1.459355	4.297115
-0.884283	1.353896	-0.595745
-1.394298	-1.195896	3.139168
-2.240160	-0.720290	-7.678652
-0.456531	0.904047	1.231311
2.630088	0.133190	4.712766
0.985535	3.264197	-4.272058
-0.754990	-0.364629	-2.732981
-0.688446	-0.637477	3.731767
-0.246863	-0.281022	-2.025892
-1.364325	-1.711349	-1.072821
0.885649	0.543368	-3.601926
-1.745026	1.045234	2.867168
0.981255	-4.171211	-5.339298
6.762982	1.700848	-2.675238
-8.486901	-9.167496	-8.361766
-0.700856	2.807256	-2.780541
1.052159	1.552081	-2.121466
0.945956	1.208881	6.296979
-0.899672	2.700132	-2.930894
-0.592727	-2.698757	-3.968165
-1.318662	0.230256	3.149752
1.041313	0.751873	7.227680
-0.150263	3.290084	7.267989
1.361605	-4.254191	-2.718816
2.175590	-0.498089	3.744767
0.847729	-0.341632	2.877478
0.209743	-0.764338	-2.448253
4.730256	-3.240507	-4.576345
-0.217424	1.957265	11.651212
5.281539	5.024187	7.131462
3.772337	-1.564563	-2.230889
-2.502509	1.407845	5.637269
1.147976	0.612903	2.038015
-0.768716	-0.364132	-3.085639
-0.606051	-2.010873	-4.247552
0.216447	-0.792042	2.948564
0.257555	-0.351007	5.073095
-0.483123	0.934935	-2.465823
2.340324	2.180722	7.840460
1.056569	0.237713	-1.027920
-0.485398	-0.276909	-0.393549
-0.295980	2.391838	-2.523278
0.467320	1.323867	-1.633026
3.625816	2.777988	2.979949
-2.219762	1.724446	-2.520250
0.183981	-2.133400	-3.866656
-1.249898	-0.979997	2.098887
-0.920161	1.729839	-3.334998
3.293225	9.218470	-2.601244
1.074968	-2.658347	6.418037


0.062946	-2.345673	-2.745001
0.379274	1.339272	-3.646004
1.040673	-0.380549	-4.378185
0.674469	-0.710098	7.471408
-0.007926	5.565152	-6.335548
-0.317048	4.116807	-8.277659
-2.089481	0.658772	5.557554
1.000846	0.778291	2.899089
-0.240885	0.884455	3.560759
-0.391638	1.715762	4.412947
2.635760	-1.487832	2.399473
-4.005379	-0.345901	3.265467
-0.549023	-4.600303	3.157116
-1.754995	-0.064646	-3.245376
-3.175854	-0.006668	2.322052
2.756143	0.461347	-7.278731
4.094919	5.773465	-10.967495
-2.352970	-0.220749	-3.135739
0.935283	-2.288352	3.580061
1.412675	0.271807	-1.946790
-0.736810	0.477373	3.075277
0.942372	-0.275204	-3.644914
0.715694	0.478535	3.458073
-1.151505	0.534400	2.836653
-1.948703	0.613921	-4.594660
-1.962321	2.974340	-2.778363
-3.870850	-0.167934	1.779854
0.084876	-0.725560	-2.770862
0.879171	-2.191143	1.404932
-7.827385	-2.354200	-7.256621
-3.007713	-1.281768	6.702740
3.148074	-0.913344	7.600649
-2.054541	-1.674399	-5.439826
3.062239	-2.847704	-8.222138
1.918307	-4.010381	3.965790
-2.172780	1.371126	-4.880631
0.732107	0.405237	3.180012
-1.142636	-0.280046	-8.259692
-0.193051	1.256174	2.946870
-2.735856	1.435513	-6.579022
-1.914436	1.312364	-7.897276
1.510654	-1.029358	2.557555
-0.759201	0.600385	2.199978
-1.772349	-1.427964	2.797547
0.467663	0.925278	2.462408
0.385968	-3.883688	-6.800366
-0.609546	-0.156811	-3.747682
0.245234	-1.454709	3.356753
-4.118404	-3.023622	5.561574
2.408237	-3.156314	1.520008
-1.771504	2.592434	3.965362
3.531229	4.831742	3.025591
-5.579162	8.330415	5.704557
-1.867269	1.373412	2.424937
4.050746	0.689749	1.498751
-2.909810	1.020201	2.755889
-0.523179	1.498394	-3.146564
-0.377969	-2.889897	1.283484
0.934601	-1.716969	-2.943365
1.824402	0.171301	-3.560953
3.206188	-6.961765	6.403451
1.458216	1.430534	-3.144839
-4.281568	-3.774593	-3.438578
1.836130	-0.270274	-0.993797
-3.528595	0.213417	3.502499
-0.295404	-2.927950	4.290393
-2.417754	-0.672579	2.397747
1.917222	-1.238159	-4.764747
-1.645173	-1.673567	2.456959
2.853902	-0.565335	2.892635
-4.353938	0.337768	2.760208
-1.288761	0.160743	-4.441080
-1.956528	-1.634487	3.841421
-1.439115	-0.528054	-3.310364
1.895333	0.069527	-5.622286
-1.781456	2.349978	-6.807828
-1.338940	8.298754	13.330724
3.631266	3.918077	-4.224883
3.149500	0.579988	5.332003
2.174979	4.361936	4.217791
2.564300	-2.631213	-4.474166
0.334578	0.486744	-0.954765
3.268711	3.576258	-4.668612
1.204920	-2.321187	4.235200
-2.110717	-0.887751	-1.629418
-2.976350	1.886821	2.270329
1.098824	0.113594	-6.525975
2.350449	1.018959	-5.446799
0.133857	-1.248495	2.761769
-3.479104	3.328943	-3.081593
0.180301	-3.470447	-2.102546
0.525744	0.712818	-4.764480
-1.303549	-0.017656	2.041566
1.298360	1.449274	-3.446581
-1.057120	-1.222279	-3.787453
-0.071250	3.517304	-3.957894
-0.404292	1.480936	-1.955695
-0.550789	-1.167766	-2.926222
2.426378	2.070085	3.192852
2.923075	0.973661	4.721470


2.373596	0.310323	3.763298
-1.461365	2.829683	-2.410043
-0.663922	1.048202	4.078091
-0.677561	0.573075	-3.067977
0.116589	-0.262947	-2.139709
1.274841	0.606015	2.058129
1.774791	-3.156668	-2.227193
-2.486091	0.423162	-2.296614
-1.624248	-3.765334	-8.479189
6.434928	4.011582	-2.317897
1.343300	-2.517006	-2.212575
-0.621370	1.437720	1.822809
-1.951594	3.843761	6.877210
3.795442	-1.563543	3.450605
0.537490	-0.585442	-2.446154
5.271332	2.632373	10.440503
-0.381340	-0.054878	0.584562
3.224957	-1.357913	-1.458896
-1.959474	-1.210871	-2.566874
-1.744283	-1.631702	-2.539504
-1.476977	1.287226	1.575455
-0.873410	0.897871	-4.743449
-2.370472	-4.855802	-6.627338
2.261728	0.822043	2.491606
-0.797922	2.405835	4.056360
-2.855065	-0.323334	4.034720
-3.531181	3.878135	3.937194
-0.238781	-1.272231	2.768374
1.814087	-2.245438	2.575988
-2.044430	0.312638	-3.292707
0.167491	4.828472	2.523368
-5.037890	-1.222658	1.245255
1.095696	-3.634413	2.160451
2.672152	-1.147206	-5.862948
-1.483367	-1.083530	-2.173060
1.581620	0.687354	3.654954
-0.205322	-1.536827	3.080036
1.208502	-1.586940	-2.056802
-0.629774	-1.160300	-4.372924
-2.792222	3.616672	3.342515
-0.277468	-0.706643	-1.499223
-3.422455	-0.358686	-6.143690
-0.058274	0.883495	4.647270
-1.903333	0.717560	-4.653639
2.953248	2.407208	-2.906883
2.713043	-0.384687	5.618163
-1.507881	0.104352	-4.712782
0.627050	6.456768	-8.125377
-0.146886	2.443204	9.236462
1.537885	1.033296	0.939097
1.954277	-0.333800	5.805656
-1.522985	0.974854	1.282382
5.911530	-0.346752	5.955047
-0.805416	-3.062985	-2.552813
1.571784	-4.947538	-1.239299
-2.574707	-1.674114	-1.688246
2.979717	2.172888	2.164524
-1.562240	0.254796	3.334545
6.643163	1.430571	-6.216364
-0.994967	0.681403	-3.716646
0.237542	0.861169	0.847814
-0.026096	-1.171958	3.973611
-0.606335	-2.639065	3.870895
1.025519	-4.387703	4.887298
0.153617	-3.810064	0.569769
0.327515	3.562134	1.816177
1.789077	0.035284	3.809569
-2.477862	0.444545	3.716834
-3.361569	2.283864	2.316995
-1.617631	0.400673	-1.854302
0.427753	0.993889	3.098521
-0.783727	-0.561575	-4.631824
-1.799525	0.759094	-4.473004
2.920265	1.067522	-7.858323
0.321855	-0.189493	1.814226
1.473341	0.311740	1.997459
0.697295	-0.801549	1.808821
-3.601840	-0.621928	-3.458800
-0.410218	-0.840617	1.982960
1.679383	3.586477	-3.870009
-2.330414	-1.299280	-3.765173
-4.219142	-1.163570	3.056731
2.031483	3.310359	1.512881
-0.375929	4.342140	1.884723
3.263882	0.084571	-6.488705
-1.303144	-0.677861	-3.576374
-1.243750	0.701011	-5.245410
-2.123576	8.087368	-8.480155
1.347636	3.651024	-4.879141
-0.232693	-1.541371	4.694626
0.191249	-1.365145	7.153355
-3.421046	-0.470035	-6.450733
-2.323523	-2.211666	4.920122
-0.600540	6.544922	5.600281
-0.637937	1.617991	5.976361
-3.025329	2.384697	-2.794190
0.118812	-4.958506	-3.568585
-3.146713	2.081072	1.167039
0.553515	0.197031	1.454009
-1.552762	-0.386700	4.900009


0.927174	-1.709218	3.524409
0.261801	1.997668	4.280346
-6.102131	-1.593135	-5.037548
-1.526810	-3.807521	-3.624245
1.093284	0.695487	-0.661866
-2.050002	2.904504	-2.399108
-0.366305	1.213708	-5.977404
-1.924606	-4.426152	3.654163
2.592996	4.094719	-3.180808
1.940563	0.636056	3.548131
-0.441228	1.485424	1.633091
-0.941146	3.169536	-4.207211
-0.483628	1.820618	-0.969941
-0.273005	0.089739	-2.664290
-2.879988	-2.129493	13.029377
1.559432	-6.952880	-6.762232
-5.677459	-0.174235	-6.430132
-0.397304	1.255000	2.431258
0.520536	-0.444308	-2.116038
1.223691	-2.373112	-2.804797
-0.817850	0.726791	3.613962
-0.656810	-1.432419	-1.396035
1.882275	2.915609	-5.904520
0.019885	-0.133969	-2.496189
-1.756379	-2.053104	1.712325
-0.201220	-1.025104	-9.485553
-2.144141	1.440529	4.451279
4.485572	5.498777	-5.496026
-0.744333	-2.623408	2.165690
0.969385	1.382898	2.358453
-0.055259	1.888860	3.020792
-2.455413	-2.717818	-9.888599
-4.041738	-0.049435	-5.044783
3.192836	0.134723	-2.046595
1.022523	-1.168668	1.131731
0.447133	1.227202	-2.225202
1.102955	-0.946433	-1.709158
-0.747029	1.765726	-4.036508
-2.627609	-3.216197	-6.917224
-1.981872	0.449627	4.363471
-3.167024	-0.121092	-3.652941
3.502227	-3.251626	2.466721
-3.805989	-0.106567	5.376684
-5.329635	0.506816	-3.581483
0.659398	1.858784	0.916228
3.541525	2.478945	5.719087
-0.329131	-4.370858	-3.711036
3.445838	1.375417	4.649201
-0.074330	1.237755	-2.083817
2.736874	-0.399578	-2.356144
-2.648798	-1.028957	-5.629892
-0.508773	2.983754	-4.168986
-0.211145	-0.325511	7.815045
-0.729634	0.901423	-3.857529
0.159047	-1.258527	1.116085
1.122305	-1.709630	-1.964019
-0.027999	1.565000	-2.609480
0.613836	-4.469190	5.167857
3.318111	0.485370	1.006549
0.122085	-2.797051	-3.729419
-0.122350	-0.421917	1.259676
-3.977110	1.888415	2.679120
2.033971	0.892544	7.990546
-3.607048	0.257593	9.064072
0.463584	1.786082	3.489041
0.585824	-2.429440	-1.982721
-2.057775	1.520553	1.137728
2.992295	-0.541247	-4.939653
-2.821233	-4.098501	3.399265
-2.415190	1.145910	-1.014759
-3.680888	4.362945	3.263145
1.219632	-1.030777	-0.491790
-4.955950	-0.749977	4.294886
-2.822003	-3.457081	-6.478517
1.332430	2.579960	3.959875
3.612392	-2.377443	-2.572809
-4.714653	3.576627	0.711139
2.789259	-1.031939	4.328701
6.192409	-7.654987	-2.534725
-3.740035	2.721561	-3.027316
-3.214102	0.977989	4.096375
-0.028859	-0.176978	1.929518
0.211958	3.139190	1.797222
2.477674	0.634017	-2.797596
0.111315	2.330429	2.889773
-0.331436	1.768103	4.104539
0.878269	-3.424855	-5.373149
-2.980443	-0.988035	2.976408
-0.070042	-3.706215	-3.958978
-4.693929	-6.087490	-6.268968
0.369199	-1.935387	4.648637
-4.130924	-2.638853	-1.420752
1.875443	-0.333540	3.652863
0.684611	-3.932777	-2.983730
-4.084733	-2.498063	-4.921864
0.332691	1.996575	2.463873
-3.858496	-0.557518	-4.507733
-1.009333	3.740613	3.515427
0.480020	-2.328192	-4.604942
0.542881	0.269479	-2.304520


-0.380616	0.495649	3.229283
-3.183774	-2.903840	-5.077879
4.371142	4.874634	4.097774
2.459006	1.558417	4.500424
-0.969886	-2.565987	-5.265873
-0.000840	2.851304	-1.782321
1.458975	0.964289	5.417733
-0.658714	-0.803238	-2.724451
-2.709625	-0.793243	4.693677
-0.503874	-1.166691	-1.849568
-3.304206	-0.351096	2.184929
1.318545	0.797822	5.437580
-1.387397	-2.326108	1.584388
2.808255	1.496648	-3.495395
-5.086864	0.108011	3.639265
-0.313334	-1.972675	0.653970
3.954579	-4.090719	5.525148
-3.694183	1.482035	3.702195
-2.712474	2.330301	-4.483595
-2.714288	1.812567	5.525069
1.147136	2.833154	-1.802516
-0.005409	-0.209389	2.173310
0.339683	2.985658	1.826103
3.207930	-1.925408	-5.326289
-0.094096	-2.505599	-3.756893
-0.188350	0.068415	3.799828
1.195821	-2.833646	3.802604
4.093163	0.410105	1.212633
1.592466	2.919700	9.836625
0.223800	-0.840439	-0.773667
-3.122030	-2.569280	-2.757017
-1.174404	-0.524815	3.362252
2.472710	-1.725444	1.099076
9.057674	1.101832	4.198331
-4.786830	1.723291	4.785943
-4.133071	-1.946736	-3.891425
0.145485	1.291402	2.133389
1.703013	-1.105988	-2.680586
-1.095923	-2.637374	-2.479452
1.364576	0.028854	-0.842454
0.281170	1.943987	-4.430781
0.508274	-2.100195	1.238259
-2.314665	1.237186	2.292442
0.500542	2.686323	2.191374
-0.470287	-0.641179	2.532392
-1.716428	0.033441	-2.196038
1.310020	-0.589669	-2.580753
-3.556381	-0.458006	-3.713890
0.365475	-0.969010	1.910795
0.706022	-2.083924	-3.016833
-4.349381	-1.200415	-0.847142
-1.587353	0.691610	-2.336046
5.612481	-2.359130	-5.417908
0.016164	-2.145932	3.950580
-0.148691	0.109795	-0.608268
-2.250236	2.092682	-4.891823
-0.402411	-0.007937	-5.402037
1.907038	-3.372716	-6.474385
-3.190796	-2.158583	-2.512970
0.110155	2.950562	-3.534180
-2.451655	-0.341307	2.776919
-1.191423	-0.131226	3.602160
1.970754	1.092105	-4.890814
1.807457	-1.617242	5.611048
3.808529	0.151894	2.867909
-1.890600	-0.913636	-1.615859
-0.979497	0.623096	3.030054
-0.541258	-0.770231	-2.790354
0.851971	-4.816524	-7.148893
1.877345	-0.071326	1.592148
1.473345	-2.988960	3.839823
-0.656396	1.419707	-3.678042
-0.171076	0.570173	-3.162709
-3.028307	1.952312	-2.048265
8.869857	0.318224	-8.324362
2.669036	-1.137851	-5.099904
1.296861	-1.499161	-2.235334
-0.380311	1.289212	-1.675829
0.954248	1.669007	2.702934
1.551688	-1.099307	-4.177766
-6.184300	3.477702	6.882763
6.237102	1.050981	4.257902
-3.351788	-0.854633	2.326041
-1.896464	0.471862	-3.357292
2.846010	0.852584	2.313216
-1.465678	0.960359	-4.958934
2.900220	-2.728111	-4.757893
0.437100	-0.032638	5.779431
-1.921738	-0.571898	1.660570
4.363540	6.396012	5.340032
3.006617	-0.441457	4.194013
-0.036832	0.897434	3.703944
-1.065472	-3.775298	3.497967
-0.756135	1.151896	1.216031
1.172876	0.435625	3.773738
-1.069991	-0.241307	1.850533
-2.524723	1.521124	2.961394
2.770901	2.564463	4.510862
0.683820	3.528247	4.080561
4.170833	-1.230747	2.968731


1.189447	-1.347069	1.605298
0.746147	-1.896390	3.162224
-0.695507	1.621048	5.415348
1.198108	-0.135407	3.609087
-1.531507	0.189239	0.627967
0.814983	-3.559434	-1.734081
-1.781621	1.771796	-0.903899
1.656851	0.189257	-2.585735
1.020303	-5.569088	4.598244
-2.291072	0.379875	-3.395052
-2.647061	1.012123	-0.472539
-0.670567	1.869880	2.046040
-2.162957	2.772031	4.313073
0.157062	1.844065	-5.423231
-1.713885	2.868488	-3.906043
0.941882	1.643137	-3.372690
0.230753	-0.568979	-3.758107
0.211710	-3.388200	0.406725
-6.780337	-3.512913	-6.590273
1.275192	-0.406886	-5.287439
-1.356283	4.418373	-3.777022
-1.378673	-0.150403	6.434772
2.201837	1.745688	2.802453
-1.663111	-0.114984	2.833448
1.842606	1.388561	-1.529784
-3.794986	-1.463156	-11.301304
-1.172857	-0.481293	0.325702
-1.699856	1.662597	2.848013
0.159194	4.221791	6.850478
0.815838	0.926544	3.961539
-1.349450	-0.477785	2.960538
-0.404035	0.911944	-6.215817
0.888101	0.091231	5.806209
7.617580	0.123837	6.101530
2.583414	1.281501	-3.244298
2.155556	1.278517	2.864725
-0.301623	0.230062	-2.164240
0.631125	0.612899	3.525392
0.434597	0.949251	-2.862585
0.074605	2.170401	-1.789393
0.685727	9.232837	3.617536
1.007952	-1.024576	-3.072655
2.015362	-3.134079	-5.281634
-0.839454	-0.360117	-3.125968
-0.979328	-0.516867	-7.836167
-1.540879	3.345138	-5.785319
-4.814747	-1.997519	-3.859630
4.576092	-0.069862	3.132826
-1.606941	3.358243	-3.955367
5.755345	0.619189	2.738997
-0.083666	0.795611	2.977377
2.772353	-3.772542	-3.248130
-2.142438	-3.267306	-2.983139
3.504256	-0.203862	-4.772506
1.298087	1.367675	1.645176
0.544459	-2.602604	-1.900626
1.150158	3.133386	-2.513817
-1.945947	1.957611	3.108955
-1.781794	-1.304333	4.887892
-2.532542	-1.398553	3.177173
0.264696	1.764944	-5.156867
0.603609	-1.728650	1.823804
1.919447	0.653834	-5.738016
-1.523922	0.861459	1.112662
-1.046664	0.724234	-2.210009
-0.596354	-2.275905	4.160370
1.032017	-2.598057	1.480533
-2.467760	-2.117275	-2.349104
-1.045677	-5.749311	-11.343304
-0.783375	0.536617	-8.247036
-1.844249	-1.621972	5.465555
-2.856465	2.776042	1.808307
-0.960207	4.928141	-1.705455
-4.111093	-0.260727	4.444630
2.755945	3.728770	5.333305
0.035952	0.148866	8.200679
0.580013	2.009097	-4.483993
1.349750	-0.447666	-2.095562
4.249763	-0.028612	3.055746
-0.794201	-4.053929	-13.741323
1.569412	-1.677635	1.601842
5.004917	-7.270688	-8.956381
1.736367	1.229892	-2.083637
-2.371207	-1.506093	5.496906
2.747697	0.621642	3.782695
-0.656597	1.212860	-3.199299
1.760396	2.734033	-4.992710
1.898491	0.862339	2.824106
-1.003421	-5.013739	4.337918
-0.827716	-3.434667	1.881743
1.837957	0.438560	3.186573
2.751019	-1.430791	4.268834
0.152807	7.176445	4.749257
-1.567027	-1.736251	-2.327731
4.832108	0.269166	-6.304358
-1.079994	0.657577	-2.950834
-0.309606	2.206248	-4.240327
-0.935107	-1.068175	-3.368080
1.415078	0.589439	-3.352587
2.117987	-0.498652	6.358769


2.066181	-2.817190	3.070254
-0.225866	0.072941	-1.793420
-0.290225	0.585532	-1.764154
-4.223673	0.277644	0.889079
-3.888078	3.439325	-7.115418
-1.635226	1.501592	2.291522
-2.788750	2.213253	-5.849362
0.869489	0.790726	2.817429
-0.765309	-1.474180	-4.796994
-0.040743	-3.220969	-2.166069
-2.421285	2.985732	10.814655
2.711515	-0.104016	4.358330
1.178223	3.437470	-5.983429
-0.185707	-1.259474	4.910627
-2.397155	-1.944099	-5.141936
1.838740	-1.824488	-5.485789
-0.881897	-3.469417	-3.528959
-0.046666	-1.632470	2.665005
-0.401640	-8.559964	-8.031864
-1.983263	0.246581	-1.981294
0.383650	-1.013282	-5.367870
-0.454187	-0.111201	2.831683
6.926054	1.178193	6.262724
-1.778951	-4.182700	4.403825
3.611403	-0.700245	-2.227989
0.479426	-1.233831	1.284264
0.776442	-0.490533	-3.913406
1.927712	-3.604474	6.253081
-2.692197	-0.509645	-2.780927
0.607681	1.651085	3.402097
-1.460984	1.156353	5.276157
-1.464090	-1.916041	-4.186275
1.369485	0.697540	2.820666
-0.441524	-0.164032	2.588888
0.733991	-2.162252	-3.042306
-1.537619	-1.127344	2.487279
2.907834	1.232870	2.933514
2.579059	0.929715	2.729304
0.670184	-1.488179	1.980194
0.055215	-0.046522	1.285798
2.195021	2.456962	5.626317
-1.687515	-0.701400	-3.473763
4.942236	1.649238	5.424950
2.297524	2.474171	-6.872019
2.370151	-0.852748	2.837332
-1.807526	-0.144884	1.819760
-1.612391	-1.141921	6.210507
0.388961	1.319776	-9.581759
-1.254533	-0.040809	-3.794440
1.511605	2.431289	3.401009
-1.244001	-1.582975	4.960562
-1.296754	-0.887131	3.959713
2.720824	-5.349550	4.418371
0.124869	0.209440	-2.987050
-0.303399	-0.198957	-6.416863
-2.095639	0.291304	6.209338
-0.290871	-3.725366	-3.455923
0.329696	-0.394638	-4.037888
0.141762	0.365424	-5.145641
1.097824	-3.815864	3.788731
1.387576	1.375392	-2.668034
1.705348	2.776221	-2.012784
1.581474	1.525970	1.506783
-3.689365	-5.759467	-3.764201
-0.027984	1.470561	5.275154
-0.664723	1.757950	1.183653
-3.604210	-1.463161	8.831115
3.641995	-0.871544	-1.333780
0.717207	-0.471523	-1.651691
-0.463005	-0.148925	1.114694
-0.367561	-0.186607	2.300030
0.763294	1.096247	3.363974
-1.982015	-2.924219	-3.330018
-1.673880	-0.154542	-2.422492
0.112001	0.188751	-2.530450
-0.487306	1.664986	0.814176
-2.743479	-0.088671	-2.094980
0.011339	-2.454235	-4.124296
-2.057104	2.063721	-3.227611
-1.073893	-1.566904	3.027481
-0.867806	-5.001228	-4.365335
0.405269	-1.972989	-2.162773
4.655980	5.219634	-8.472579
-0.378015	0.495561	4.203498
-1.024565	-0.518746	-2.123489
0.289973	3.094343	3.268108
0.406639	0.406220	-2.751604
2.853541	0.012057	5.790687
1.062560	1.219493	-1.201032
-2.283151	0.361449	4.076809
0.610114	-0.441227	3.019044
-0.495227	4.973277	-4.591706
-0.872364	-2.669711	-11.093766
-1.220440	1.866094	1.825633
-4.696740	2.621050	-2.343147
-0.237632	-0.762207	6.738566
-0.967971	3.027234	-4.322670
1.975452	-0.126020	-2.591694
3.773147	-1.541014	3.515034
-1.767218	-4.557301	-3.471610


1.698381	1.447810	7.460530
-0.341661	-0.826741	1.178435
-0.922994	-2.532177	8.706435
-1.028672	4.972474	-1.863293
4.116138	1.174395	-5.179328
0.143778	-2.955271	2.832800
-0.732777	2.076832	4.014753
3.153822	0.225109	-4.540954
-1.078619	-0.312540	-6.594647
2.275711	-1.330933	-4.784023
-0.885098	-1.684658	4.147193
0.634467	-0.636653	-3.017178
2.153376	-2.672543	3.435554
-0.379628	0.429878	-1.276482
-2.929386	-1.710684	-3.052641
3.685986	-0.817012	-1.450230
-1.983382	4.092667	3.859754
1.636477	6.372567	-5.425388
-0.313106	2.158461	-5.670188
-0.816139	-0.763292	-2.188613
2.159389	-1.361295	-3.765370
-3.448988	6.861680	8.055284
-0.158494	-5.138670	-3.930695
6.830440	-0.491604	2.676490
4.255784	-0.908748	3.063657
0.369851	-0.196524	-4.399695
1.283388	0.298703	1.447471
1.547650	0.722425	-3.562771
-0.609302	-0.590086	2.639401
2.308549	-1.873023	-4.192843
0.019451	0.118169	-2.119135
1.434529	-1.215788	-4.421390
-0.805898	-4.729348	3.573673
-0.662775	0.513340	-2.661898
2.999285	-0.159482	2.940656
-0.825882	-2.291004	-1.932548
0.338998	-2.223574	-6.234612
2.231303	5.169753	-1.924435
-4.846596	6.130506	2.948604
2.854290	0.930829	-3.528699
1.283905	-0.079670	3.499645
-0.932220	-0.460158	3.287609
5.451567	1.410639	3.153263
-0.939247	-2.926609	5.364249
-1.107711	1.330539	-5.180788
-1.334003	-5.759498	-4.994638
0.718438	-2.343585	3.882355
-0.241839	3.329976	-6.999015
0.276340	-1.493478	0.909351
1.674389	1.575727	2.075336
0.173406	-2.638688	5.803953
-1.231244	-1.585693	-7.089791
-0.769183	0.040395	-4.705979
-0.503953	1.960425	5.131855
0.645599	-0.211294	2.993076
-1.755780	1.145770	-7.975675
1.815199	1.467218	1.769405
0.804052	-1.695899	7.882377
-0.903040	1.492007	1.610936
-1.518857	-1.406824	4.855027
0.866981	4.431397	5.563163
0.589238	0.070535	-4.563674
0.952659	-1.017101	3.349173
1.188582	1.615549	-4.758361
0.300226	-2.038529	-2.165859
-0.503263	-0.649262	2.168541
-1.429643	0.009411	-3.047547
0.333703	-2.530678	-2.504266
-2.368448	2.711120	-4.631005
0.651781	-3.774996	-1.952043
0.710290	-0.012359	2.641386
1.070059	1.213886	2.790353
2.399448	-0.315614	-2.889293
1.820752	-2.525373	6.724856
-3.716859	-6.053794	-3.050269
-3.105007	-1.227028	3.413585
-1.228873	-0.021926	0.813953
-5.453981	1.648841	6.862527
-2.093569	-1.444394	-0.637166
-3.378343	-4.129883	4.027316
2.959391	-5.368993	-3.966752
-1.762788	1.536146	3.737100
1.366820	1.455024	-3.749967
0.861895	4.443277	-2.491308
-0.697963	-3.947942	-2.352849
2.482532	-2.436554	1.445468
-3.012867	1.779718	4.952425
0.358380	-1.807676	-7.417837
0.933480	-3.799905	5.740091
-1.078564	1.477188	-2.597351
3.194587	2.194532	-1.885423
1.239624	2.315925	-2.332977
0.243738	-2.390208	2.042065
-1.100736	4.471081	2.800669
-1.487435	-0.515368	-4.090741
-5.574166	0.350946	-7.151086
-2.950970	-3.936938	-4.276373
4.132133	0.801607	-6.078318
2.232285	-0.749607	-4.400730
0.835379	-4.582716	-4.589690


2.300485	-1.303170	-4.671505
-1.341597	0.905339	-1.804784
2.704203	2.380684	7.894907
2.114097	1.229929	7.255787
0.901919	2.822524	2.794580
-1.416929	2.482691	2.382640
-1.041349	-0.687527	1.046993
0.974520	-3.679010	-4.797709
1.632268	-2.550596	6.792957
-1.052177	0.780466	-2.746730
0.248398	1.713516	3.585702
0.379839	-5.569017	2.766856
-9.029436	1.087303	4.225859
3.465163	2.591329	-2.582552
-1.340442	-0.928560	1.666551
-2.399760	-0.599696	-2.506484
1.111877	-2.311094	5.853381
4.992901	-1.924995	7.496685
1.936726	-0.641856	5.037386
3.525072	1.419587	-3.969651
1.496043	-0.104861	-4.467592
0.119623	-0.523790	5.381137
-2.215513	0.422416	-1.868881
-2.345226	-1.112812	-4.490725
-1.183332	0.711653	-2.365822
3.413132	5.811800	-7.192211
-3.260835	-1.359525	2.347009
0.490931	-1.273905	-5.353747
-0.557101	1.741389	-1.831336
1.017105	-3.516342	5.888980
-2.823574	0.060060	-2.227965
2.442174	0.477066	-3.943137
-5.019553	-0.066619	-1.767885
4.412110	1.231177	-2.681738
-0.451750	1.888021	-1.912398
-1.320259	-7.904416	-3.160865
-5.284606	-1.044346	-5.215426
-1.060473	3.521878	3.188925
4.587057	-1.398581	-5.372358
2.766045	2.106097	2.026843
6.747887	0.021111	-4.173310
0.063039	2.675276	4.598885
-0.278586	0.929506	2.233936
0.851548	3.211222	1.497670
2.480355	1.145367	-7.625655
-0.537029	-2.941164	-5.421113
-1.385342	1.859598	-2.266222
1.032281	-5.216728	-2.869803
1.809312	0.234108	5.318795
0.178403	-0.702327	3.928461
-2.344750	-1.713989	2.867116
-3.714388	1.261799	4.907212
-1.189195	1.830653	-6.450657
-1.520357	-2.103696	3.616240
3.222779	-4.613808	-5.764330
2.950381	0.932997	-5.977032
-1.161039	0.765815	1.210389
1.522151	3.498043	10.315010
-3.101667	1.613048	-5.185109
-0.661392	2.945177	-3.614204
1.608424	-0.848715	-2.926167
-0.156760	3.923390	-4.133371
-0.564533	0.201311	3.150848
-0.607358	-1.303346	3.904117
2.317293	-2.003753	1.097381
-0.048995	-0.585059	2.517038
2.545313	1.080585	6.113963
0.869189	-0.666851	2.194259
-0.623674	2.470636	5.350338
0.650314	3.500782	3.166559
-3.554963	-0.342705	5.832821
4.394132	-5.149641	4.348009
2.172621	-2.086561	-1.567550
2.312250	-5.392740	1.324259
-0.172698	-0.464452	-0.881337
2.889607	0.813999	4.298467
1.683541	0.894793	3.590560
-0.186761	1.757685	3.738182
1.926990	2.181329	4.609411
4.606225	-0.777618	5.927884
0.052906	-1.420221	-4.268308
-1.480563	-0.817498	-2.643967
-0.594362	-0.819415	2.339022
-0.366288	3.111336	1.299116
-2.823431	-0.519379	2.667536
2.219527	-0.334666	1.176116
-3.734984	-5.663035	-7.436690
2.386711	1.110131	4.433028
-0.280527	-1.624420	-6.371809
0.124049	0.296057	2.559829
0.703602	-1.703509	-2.512831
-2.298485	-5.094697	-5.763333
-1.763480	-0.297337	-2.839343
-2.960031	-0.854367	3.510870
4.822343	-1.413332	-7.125715
1.479705	0.434996	3.361996
0.985092	-7.070409	-6.570381
-1.406623	6.078358	-5.192185
0.461806	0.076809	-3.953364
4.261981	0.933347	5.433247


-2.031580	-4.978599	-4.347894
-0.735558	-0.373034	1.307285
0.080285	1.534355	-2.977384
7.211837	3.425228	-8.291377
-0.132887	-2.280571	1.093172
0.657166	2.421722	-1.303613
-1.684744	2.877648	-7.876077
0.384057	0.601040	-3.290729
3.394972	-3.733256	-7.748078
0.265242	-2.709179	-5.067534
-1.298973	1.371194	3.244618
-0.489313	-2.404122	3.644601
0.107134	-1.421668	-1.798263
0.110775	3.768032	-2.549258
2.427088	-0.352252	-1.869795
-0.201431	0.774596	3.458700
-3.755924	-2.071556	2.034601
0.961272	1.138101	1.839846
0.740165	-1.696764	-2.779832
-0.910279	-0.649054	1.535081
0.766604	-0.330084	-1.399036
-3.048499	-4.167774	4.512586
-2.391758	-0.897601	2.434725
0.197769	-0.574113	-1.252026
-0.880390	-2.810090	4.042974
-1.065588	0.743833	-2.463103
-1.923489	0.183874	-5.186706
-0.212927	-1.314820	11.235990
1.079014	2.558935	-6.812749
1.109479	1.335552	1.310289
0.590115	1.424716	-4.035088
-8.118875	0.165957	5.430353
1.546049	0.469559	-1.132821
4.201875	-0.116856	-4.268456
0.267693	1.515829	-3.539790
0.434689	4.331751	-1.863349
-2.495154	2.251814	3.260636
1.543870	-6.433312	-0.273284
3.832639	0.623795	-3.451621
-1.087905	-3.199887	3.295596
2.509273	2.091816	-4.059901
8.361408	-0.791430	8.550821
-0.289865	-0.961901	1.054569
0.657364	-1.680625	-3.521117
-0.764215	-8.115784	8.267209
5.049453	-3.692083	3.847144
-3.603497	-5.478682	3.149445
-0.477252	6.278057	3.738274
0.375820	0.853880	4.702955
5.692609	-1.162635	3.825697
0.173186	-3.425838	-1.167565
-1.166990	-0.245485	6.286111
1.859411	1.842658	-5.910630
0.462084	-6.197915	-3.996175
-3.332972	0.153865	-1.812728
-1.579796	6.261743	-3.712349
0.630734	-0.033084	2.579369
-6.342763	0.724986	-11.739639
1.315048	-1.918271	-7.371725
1.056950	-0.467186	-1.968932
1.341866	0.373745	5.631514
2.355576	-4.949646	6.260441
5.850325	2.471977	9.223808
-0.350052	1.928398	1.031674
3.394491	2.946894	-6.769986
1.591065	0.476184	-2.905985
-5.437275	0.073233	1.472970
-0.527143	3.061842	-5.111085
1.235264	-0.531094	2.159043
-0.292136	0.592819	-1.452036
2.911502	3.790051	1.934739
1.098734	2.353870	-5.617874
4.254381	1.691220	2.049082
0.854321	-4.218701	-5.114852
-1.632813	-0.070690	-2.213861
-0.330791	0.416741	1.232843
-0.330723	-3.951480	4.123028
-1.488105	1.404904	6.869893
-0.642672	-3.018078	-4.328060
-1.033668	-0.981104	2.182235
-2.695246	4.540734	-4.105270
-0.391866	-0.404139	-3.981953
-0.732074	1.939940	1.379131
1.094060	-0.823712	1.860011
-2.448729	3.768252	-4.995263
0.942193	1.881021	1.698589
0.617584	-0.369320	2.167879
-0.084999	-1.562042	-1.603928
-2.940470	-2.196323	3.909541
0.641375	-1.622997	2.920333
-0.251138	0.524416	4.141770
1.415885	1.016361	3.703948
-4.401988	0.659052	-1.939157
-6.502539	7.137602	7.125418
1.197853	2.161830	-4.959740
1.797339	-1.549515	3.301674
-3.792893	-2.146228	-1.635231
5.215099	3.172756	-4.193133
-4.938028	0.936739	-2.981103
3.006879	2.026558	5.508849


-1.263381	-3.115031	3.403332
0.967719	-6.376294	2.385118
1.439788	0.103219	-0.750585
3.285615	-2.424556	3.669892
3.335740	-0.712472	3.041393
1.512779	0.475934	1.767558
0.381677	3.976949	-3.068920
1.380811	-0.071361	-2.696359
2.341416	-0.501545	3.299785
1.856818	-0.655236	1.607135
1.987953	1.352804	5.887531
-0.893171	-0.917335	0.995988
0.396889	-0.068909	6.953973
0.245615	3.323856	-5.709976
-0.371489	-3.609952	4.136687
-4.311072	-0.269472	-4.877748
-1.002626	0.131420	2.920741
2.012281	-1.757485	-2.940450
-0.349048	0.514661	1.768040
-0.433008	-0.843867	4.561936
-0.370225	1.876167	1.216885
1.161306	0.578191	5.039443
0.560037	-0.197587	-4.867121
1.846594	-0.578532	3.078113
-3.391148	-1.780729	-3.689538
-1.624656	0.402902	-1.443306
0.294428	-0.809665	3.309259
4.117954	-6.819341	-2.342116
1.198236	-1.499178	2.249860
1.332207	0.855050	6.173513
-0.584854	-0.415097	3.236561
-0.023510	-2.621173	-3.631479
-2.968364	-0.969215	-4.739132
-1.043157	1.919552	-3.592323
-2.702549	-1.176051	-1.260753
1.457401	-1.901815	6.353579
2.606855	0.050881	8.384260
-2.485700	-3.687240	-4.773304
2.693480	-1.825680	3.383671
-1.095684	1.885718	-2.502534
0.581717	0.518351	5.025408
-0.598348	1.805926	-2.141798
-0.331979	-1.486656	-6.202713
5.348241	-3.311581	8.133568
0.952814	-1.538425	4.129768
1.887387	0.409123	5.888745
2.251098	-0.391364	3.341677
-1.689741	0.483087	-5.377195
1.918113	0.878617	5.573383
-2.014773	0.807786	2.502812
-2.063250	3.987270	3.622036
1.929784	0.299628	-5.729664
0.099821	-0.521051	3.333758
1.434296	-0.581650	5.753421
0.655465	4.183817	-4.278116
2.059513	0.050944	-4.953626
-3.654931	-2.706788	-2.020859
3.925417	-1.850098	-4.506174
-1.644446	1.824272	-6.354629
3.052679	-1.077829	-5.213141
7.928853	-3.194018	4.051727
-1.993186	0.071117	-2.469185
0.033139	-1.522167	1.294764
-4.707758	2.036727	4.562850
-1.618410	0.110986	-3.999804
0.219076	-0.213017	-3.087308
3.501074	0.400762	0.828258
-5.335533	-6.188348	8.949621
2.863536	-0.441773	2.638564
-2.507129	-0.313245	0.794390
-0.663504	2.670387	-2.460038
0.552716	-0.871362	4.224268
0.728414	-0.476010	1.993422
2.066199	1.531489	5.276961
-1.171411	0.749679	1.938622
-0.214922	-1.417097	-1.749891
3.221998	1.861935	2.393671
7.762647	-1.395689	-4.368672
0.745508	-0.103210	5.609006
0.633971	-0.994415	-1.778699
-0.060397	0.602316	2.489287
2.186757	-1.412336	3.767915
-1.415288	1.298813	-1.276119
-2.516903	1.429931	3.925010
0.797091	4.073196	4.477126
3.967074	1.479531	-3.145706
1.995092	2.111165	-2.754231
-3.768383	3.560091	-2.356219
1.044047	0.917426	4.937171
1.311340	-2.328217	3.234158
-2.375998	-0.713825	-3.315776
-2.917919	-6.669605	-6.097566
2.945963	-1.478777	4.110491
1.695560	-1.468900	-0.423802
-3.325719	-2.851887	-3.752569
-0.372498	0.560059	1.365988
3.660285	-0.151454	-4.316203
1.782841	-0.185800	4.797304
-0.659375	0.494224	3.927097
-1.080087	-1.318472	-3.811777


0.978305	-5.646689	-6.157201
-5.430791	-0.265580	-7.264405
2.893743	2.147633	3.367343
-1.870605	1.215061	-0.817451
-0.345878	1.099789	-2.698827
-0.715169	0.568417	3.469545
-0.255315	1.796784	-9.228180
-3.227282	0.960024	2.485002
-4.115568	4.033548	4.416190
-1.618274	-0.257511	-3.198000
-0.590664	0.185978	3.146938
-1.926413	-0.639831	3.311792
-1.487515	-0.748066	3.907185
0.256966	0.148890	-2.123418
-1.611285	-2.096235	3.003482
-1.256752	-0.071838	0.620593
1.956348	0.700882	-4.895838
2.486188	-3.006611	3.830794
-0.059060	2.120930	2.570351
-2.715198	-1.723558	-3.124418
-1.917120	1.226769	-5.496543
1.496554	-1.924087	-4.519517
1.444937	1.435853	2.066262
-0.221501	-2.017897	-3.836866
2.402961	1.538272	1.882898
2.694250	2.962348	-4.385006
-0.571127	-5.882915	-4.308039
5.073102	2.534362	-6.878850
-1.310210	-1.089332	-4.802798
-4.791909	-0.629935	-3.488441
0.507290	2.707042	4.460142
-0.955199	0.224332	2.308006
0.122025	1.009868	-4.140749
1.347444	1.078381	-5.049311
-2.067680	4.420700	6.329726
-0.414038	-0.666179	2.283321
-0.425459	-2.206074	2.386599
-1.595123	1.278139	-3.699349
2.058716	-2.788518	5.064409
-0.901036	0.126863	1.999528
-1.296183	0.041889	0.673768
2.031636	-1.608965	-2.148575
0.322297	-2.239608	3.430314
-1.694589	-0.275716	4.037362
-0.926362	-0.405956	5.696857
-2.668544	0.030024	3.933715
-2.067208	-1.525493	-2.975356
-1.770765	-2.861646	4.987581
-0.059288	-0.060234	3.478013
-3.079792	1.781969	-3.880484
-0.456587	-1.228774	-1.192915
0.590401	-1.972916	-1.119156
-1.409878	4.558218	3.587290
1.687274	-0.135470	2.357871
-1.980300	2.784080	6.555997
-0.621354	0.801010	-2.387780
1.482193	1.024326	-2.250348
-4.301981	6.359940	-2.847814
4.300977	3.003165	3.534813
-0.296389	-1.153583	2.553333
-2.546640	0.927277	4.530386
-0.620779	1.394225	-3.559093
-0.027782	1.330780	3.784231
-2.133567	1.829819	1.216224
-4.474825	2.440302	3.864620
0.366721	0.420320	1.754836
1.363059	-0.669562	5.935348
-1.644404	0.820315	-1.169391
-1.301201	-0.702492	1.750712
0.320974	5.575441	2.014969
5.454462	0.306720	1.182444
2.622920	-1.621140	-3.093694
-1.561497	1.748397	2.990489
-0.167519	1.350201	-2.798323
-0.173868	-0.462939	4.074977
5.742885	2.576597	8.158385
4.006219	-2.126026	-3.946060
-3.095232	3.752311	4.246258
-1.596359	1.963594	-1.858026
-0.099313	-0.341829	4.111118
4.772546	-0.146231	8.634646
-0.683494	-0.536825	3.530056
-5.131806	2.103865	-4.168232
-1.046068	1.472866	1.721696
-0.212403	3.792402	3.651551
-0.565835	-0.839483	4.365577
3.343515	-1.365755	-0.813123
-2.084361	-0.447168	-1.396071
-0.946925	0.586472	10.234920
0.393944	-3.866142	2.798098
-0.326207	-5.038267	2.559549
0.760727	2.944484	2.825780
-3.984012	6.414609	7.672168
-0.093132	-5.414576	3.134604
-0.934151	-2.606496	-2.853465
-3.207222	2.518226	8.074183
-0.509730	-1.951825	-4.196844
4.849909	0.059237	2.176178
-5.416294	1.013079	-7.359986
0.289084	1.225414	1.389390


