    1  1.00000000e+000
    2  1.91200000e+000
    3  2.88800000e+000
    4  3.76400000e+000
    5  4.76000000e+000
    6  5.65200000e+000
    7  6.56000000e+000
    8  7.40400000e+000
    9  8.64000000e+000
   10  9.74000000e+000
   11  1.09120000e+001
   12  1.20040000e+001
   13  1.28800000e+001
   14  1.36680000e+001
   15  1.51120000e+001
   16  1.58440000e+001
   17  1.68000000e+001
   18  1.76280000e+001
   19  1.90160000e+001
   20  1.97720000e+001
   21  2.09200000e+001
   22  2.19120000e+001
   23  2.26080000e+001
   24  2.37320000e+001
   25  2.49280000e+001
   26  2.59320000e+001
   27  2.71520000e+001
   28  2.80880000e+001
   29  2.98080000e+001
   30  3.10040000e+001
   31  3.22720000e+001
   32  3.33720000e+001
   33  3.40320000e+001
   34  3.52160000e+001
   35  3.74720000e+001
   36  3.83240000e+001
   37  3.94080000e+001
   38  4.07920000e+001
   39  4.19120000e+001
   40  4.26400000e+001
   41  4.34320000e+001
   42  4.43880000e+001
   43  4.55040000e+001
   44  4.66880000e+001
   45  4.78640000e+001
   46  4.89840000e+001
   47  5.01680000e+001
   48  5.17800000e+001
   49  5.25040000e+001
   50  5.45840000e+001
   51  5.56480000e+001
   52  5.64400000e+001
   53  5.78000000e+001
   54  5.89120000e+001
   55  5.93840000e+001
   56  6.01000000e+001
   57  6.07200000e+001
   58  6.10920000e+001
   59  6.29280000e+001
   60  6.42600000e+001
   61  6.50960000e+001
   62  6.52400000e+001
   63  6.61200000e+001
   64  6.80440000e+001
   65  6.89920000e+001
   66  6.96080000e+001
   67  7.05040000e+001
   68  7.08280000e+001
   69  7.19120000e+001
   70  7.27600000e+001
   71  7.33920000e+001
   72  7.41600000e+001
   73  7.53360000e+001
   74  7.66880000e+001
   75  7.76720000e+001
   76  7.86560000e+001
   77  8.01120000e+001
   78  8.15960000e+001
   79  8.18240000e+001
   80  8.23280000e+001
   81  8.34000000e+001
   82  8.47600000e+001
   83  8.61280000e+001
   84  8.84120000e+001
   85  8.95520000e+001
   86  9.02960000e+001
   87  9.05840000e+001
   88  9.20200000e+001
   89  9.34800000e+001
   90  9.54120000e+001
   91  9.74560000e+001
   92  9.90280000e+001
   93  9.85920000e+001
   94  9.89880000e+001
   95  1.00232000e+002
   96  1.01244000e+002
   97  1.02504000e+002
   98  1.03460000e+002
   99  1.04768000e+002
  100  1.06604000e+002
  101  1.08056000e+002
  102  1.09048000e+002
  103  1.10536000e+002
  104  1.11728000e+002
  105  1.13560000e+002
  106  1.15464000e+002
  107  1.16416000e+002
  108  1.17860000e+002
  109  1.18104000e+002
  110  1.19876000e+002
  111  1.21448000e+002
  112  1.22672000e+002
  113  1.22080000e+002
  114  1.23184000e+002
  115  1.23920000e+002
  116  1.24872000e+002
  117  1.26040000e+002
  118  1.26184000e+002
  119  1.26592000e+002
  120  1.28628000e+002
  121  1.29248000e+002
  122  1.30792000e+002
  123  1.32184000e+002
  124  1.33876000e+002
  125  1.33392000e+002
  126  1.35376000e+002
  127  1.36328000e+002
  128  1.37144000e+002
  129  1.38048000e+002
  130  1.38880000e+002
  131  1.40040000e+002
  132  1.41624000e+002
  133  1.42416000e+002
  134  1.43104000e+002
  135  1.43424000e+002
  136  1.45268000e+002
  137  1.46808000e+002
  138  1.46808000e+002
  139  1.48056000e+002
  140  1.48268000e+002
  141  1.50608000e+002
  142  1.51392000e+002
  143  1.51776000e+002
  144  1.53280000e+002
  145  1.53472000e+002
  146  1.54756000e+002
  147  1.56240000e+002
  148  1.57704000e+002
  149  1.58104000e+002
  150  1.59712000e+002
  151  1.60688000e+002
  152  1.59892000e+002
  153  1.59928000e+002
  154  1.61688000e+002
  155  1.62560000e+002
  156  1.63100000e+002
  157  1.64816000e+002
  158  1.66512000e+002
  159  1.67384000e+002
  160  1.69056000e+002
  161  1.70224000e+002
  162  1.70772000e+002
  163  1.71568000e+002
  164  1.72296000e+002
  165  1.74072000e+002
  166  1.75188000e+002
  167  1.77280000e+002
  168  1.78108000e+002
  169  1.78488000e+002
  170  1.79160000e+002
  171  1.80848000e+002
  172  1.81020000e+002
  173  1.81576000e+002
  174  1.80520000e+002
  175  1.81664000e+002
  176  1.82128000e+002
  177  1.83288000e+002
  178  1.83912000e+002
  179  1.85912000e+002
  180  1.84928000e+002
  181  1.86304000e+002
  182  1.87776000e+002
  183  1.89856000e+002
  184  1.90852000e+002
  185  1.91408000e+002
  186  1.92352000e+002
  187  1.92440000e+002
  188  1.92556000e+002
  189  1.94176000e+002
  190  1.96540000e+002
  191  1.97080000e+002
  192  1.96500000e+002
  193  1.98672000e+002
  194  1.99912000e+002
  195  2.00672000e+002
  196  2.02788000e+002
  197  2.05584000e+002
  198  2.07372000e+002
  199  2.08216000e+002
  200  2.10680000e+002
  201  2.13632000e+002
  202  2.14692000e+002
  203  2.14928000e+002
  204  2.15348000e+002
  205  2.17120000e+002
  206  2.18548000e+002
  207  2.18048000e+002
  208  2.19868000e+002
  209  2.19840000e+002
  210  2.19916000e+002
  211  2.21840000e+002
  212  2.23340000e+002
  213  2.23056000e+002
  214  2.25856000e+002
  215  2.27688000e+002
  216  2.27544000e+002
  217  2.28680000e+002
  218  2.29084000e+002
  219  2.30288000e+002
  220  2.33144000e+002
  221  2.35176000e+002
  222  2.37216000e+002
  223  2.38336000e+002
  224  2.38288000e+002
  225  2.40960000e+002
  226  2.41108000e+002
  227  2.42224000e+002
  228  2.43200000e+002
  229  2.42272000e+002
  230  2.42888000e+002
  231  2.43848000e+002
  232  2.44988000e+002
  233  2.46536000e+002
  234  2.46064000e+002
  235  2.45640000e+002
  236  2.46816000e+002
  237  2.49016000e+002
  238  2.50632000e+002
  239  2.50760000e+002
  240  2.52220000e+002
  241  2.53520000e+002
  242  2.54052000e+002
  243  2.55912000e+002
  244  2.59412000e+002
  245  2.60296000e+002
  246  2.62568000e+002
  247  2.64704000e+002
  248  2.64660000e+002
  249  2.65616000e+002
  250  2.68448000e+002
  251  2.68304000e+002
  252  2.69820000e+002
  253  2.70856000e+002
  254  2.71728000e+002
  255  2.73136000e+002
  256  2.73320000e+002
  257  2.74536000e+002
  258  2.76440000e+002
  259  2.77328000e+002
  260  2.78648000e+002
  261  2.78224000e+002
  262  2.77796000e+002
  263  2.78104000e+002
  264  2.77484000e+002
  265  2.78888000e+002
  266  2.80376000e+002
  267  2.81872000e+002
  268  2.82156000e+002
  269  2.83280000e+002
  270  2.84228000e+002
  271  2.85496000e+002
  272  2.85280000e+002
  273  2.87008000e+002
  274  2.86052000e+002
  275  2.87896000e+002
  276  2.90496000e+002
  277  2.90880000e+002
  278  2.92096000e+002
  279  2.92824000e+002
  280  2.93240000e+002
  281  2.95392000e+002
  282  2.93876000e+002
  283  2.94568000e+002
  284  2.97872000e+002
  285  2.98464000e+002
  286  3.00196000e+002
  287  3.00216000e+002
  288  3.00016000e+002
  289  3.00896000e+002
  290  3.02052000e+002
  291  3.02608000e+002
  292  3.04196000e+002
  293  3.05216000e+002
  294  3.06736000e+002
  295  3.06888000e+002
  296  3.09432000e+002
  297  3.09064000e+002
  298  3.09584000e+002
  299  3.10920000e+002
  300  3.10856000e+002
  301  3.12080000e+002
  302  3.12904000e+002
  303  3.14240000e+002
  304  3.16460000e+002
  305  3.16504000e+002
  306  3.18136000e+002
  307  3.20192000e+002
  308  3.18964000e+002
  309  3.16928000e+002
  310  3.19128000e+002
  311  3.21984000e+002
  312  3.23496000e+002
  313  3.24568000e+002
  314  3.25708000e+002
  315  3.27864000e+002
  316  3.28644000e+002
  317  3.29328000e+002
  318  3.28556000e+002
  319  3.30232000e+002
  320  3.31164000e+002
  321  3.32000000e+002
  322  3.34460000e+002
  323  3.35272000e+002
  324  3.35728000e+002
  325  3.37488000e+002
  326  3.37280000e+002
  327  3.41920000e+002
  328  3.41956000e+002
  329  3.41256000e+002
  330  3.41756000e+002
  331  3.41240000e+002
  332  3.41236000e+002
  333  3.43904000e+002
  334  3.44452000e+002
  335  3.46384000e+002
  336  3.47184000e+002
  337  3.48104000e+002
  338  3.48992000e+002
  339  3.50312000e+002
  340  3.51752000e+002
  341  3.54528000e+002
  342  3.55392000e+002
  343  3.56096000e+002
  344  3.58188000e+002
  345  3.59048000e+002
  346  3.60152000e+002
  347  3.61424000e+002
  348  3.62356000e+002
  349  3.64104000e+002
  350  3.64872000e+002
  351  3.63848000e+002
  352  3.63968000e+002
  353  3.62872000e+002
  354  3.62300000e+002
  355  3.65320000e+002
  356  3.70328000e+002
  357  3.70208000e+002
  358  3.73188000e+002
  359  3.70920000e+002
  360  3.71872000e+002
  361  3.74200000e+002
  362  3.73928000e+002
  363  3.75384000e+002
  364  3.75156000e+002
  365  3.76552000e+002
  366  3.76232000e+002
  367  3.76944000e+002
  368  3.75692000e+002
  369  3.78656000e+002
  370  3.81652000e+002
  371  3.81480000e+002
  372  3.81212000e+002
  373  3.82560000e+002
  374  3.83284000e+002
  375  3.85376000e+002
  376  3.88704000e+002
  377  3.90448000e+002
  378  3.88964000e+002
  379  3.90432000e+002
  380  3.94608000e+002
  381  3.95544000e+002
  382  3.97068000e+002
  383  3.98512000e+002
  384  4.00524000e+002
  385  4.02120000e+002
  386  4.04404000e+002
  387  4.06552000e+002
  388  4.09296000e+002
  389  4.12704000e+002
  390  4.12504000e+002
  391  4.13464000e+002
  392  4.12744000e+002
  393  4.11344000e+002
  394  4.11472000e+002
  395  4.11816000e+002
  396  4.13636000e+002
  397  4.14816000e+002
  398  4.15816000e+002
  399  4.17504000e+002
  400  4.18976000e+002
  401  4.19304000e+002
  402  4.20208000e+002
  403  4.22952000e+002
  404  4.25780000e+002
  405  4.27952000e+002
  406  4.30128000e+002
  407  4.30056000e+002
  408  4.31076000e+002
  409  4.31648000e+002
  410  4.32224000e+002
  411  4.31320000e+002
  412  4.32408000e+002
  413  4.34032000e+002
  414  4.36604000e+002
  415  4.38480000e+002
  416  4.40540000e+002
  417  4.42032000e+002
  418  4.42188000e+002
  419  4.44328000e+002
  420  4.47076000e+002
  421  4.49392000e+002
  422  4.49116000e+002
  423  4.49696000e+002
  424  4.48860000e+002
  425  4.47960000e+002
  426  4.47948000e+002
  427  4.46584000e+002
  428  4.45328000e+002
  429  4.43896000e+002
  430  4.43632000e+002
  431  4.45176000e+002
  432  4.44708000e+002
  433  4.48248000e+002
  434  4.47644000e+002
  435  4.49536000e+002
  436  4.50256000e+002
  437  4.49000000e+002
  438  4.49060000e+002
  439  4.50232000e+002
  440  4.53216000e+002
  441  4.56360000e+002
  442  4.57660000e+002
  443  4.58160000e+002
  444  4.59488000e+002
  445  4.61000000e+002
  446  4.60516000e+002
  447  4.62720000e+002
  448  4.63800000e+002
  449  4.65696000e+002
  450  4.67700000e+002
  451  4.69464000e+002
  452  4.71128000e+002
  453  4.70888000e+002
  454  4.72544000e+002
  455  4.75224000e+002
  456  4.75000000e+002
  457  4.75760000e+002
  458  4.75128000e+002
  459  4.75152000e+002
  460  4.76480000e+002
  461  4.76312000e+002
  462  4.76028000e+002
  463  4.77144000e+002
  464  4.80436000e+002
  465  4.79528000e+002
  466  4.78144000e+002
  467  4.77960000e+002
  468  4.78720000e+002
  469  4.82824000e+002
  470  4.84756000e+002
  471  4.84528000e+002
  472  4.86360000e+002
  473  4.86520000e+002
  474  4.87456000e+002
  475  4.89344000e+002
  476  4.92080000e+002
  477  4.95416000e+002
  478  4.95624000e+002
  479  4.96936000e+002
  480  4.98204000e+002
  481  4.99208000e+002
  482  5.02776000e+002
  483  5.02464000e+002
  484  5.04380000e+002
  485  5.07688000e+002
  486  5.08808000e+002
  487  5.08168000e+002
  488  5.06332000e+002
  489  5.07912000e+002
  490  5.08132000e+002
  491  5.12104000e+002
  492  5.13032000e+002
  493  5.12856000e+002
  494  5.13232000e+002
  495  5.14680000e+002
  496  5.14496000e+002
  497  5.13768000e+002
  498  5.15260000e+002
  499  5.17392000e+002
  500  5.19044000e+002
  501  5.23328000e+002
  502  5.23080000e+002
  503  5.23288000e+002
  504  5.23544000e+002
  505  5.24584000e+002
  506  5.23252000e+002
  507  5.26008000e+002
  508  5.25908000e+002
  509  5.26696000e+002
  510  5.26912000e+002
  511  5.27024000e+002
  512  5.28852000e+002
  513  5.29280000e+002
  514  5.29044000e+002
  515  5.30408000e+002
  516  5.31084000e+002
  517  5.32696000e+002
  518  5.34672000e+002
  519  5.34792000e+002
  520  5.35388000e+002
  521  5.33752000e+002
  522  5.35164000e+002
  523  5.36248000e+002
  524  5.37316000e+002
  525  5.38672000e+002
  526  5.38856000e+002
  527  5.41280000e+002
  528  5.41360000e+002
  529  5.43752000e+002
  530  5.46748000e+002
  531  5.45976000e+002
  532  5.48420000e+002
  533  5.50656000e+002
  534  5.52180000e+002
  535  5.54968000e+002
  536  5.57248000e+002
  537  5.58088000e+002
  538  5.61272000e+002
  539  5.63680000e+002
  540  5.63832000e+002
  541  5.65264000e+002
  542  5.65396000e+002
  543  5.63992000e+002
  544  5.64664000e+002
  545  5.65672000e+002
  546  5.69564000e+002
  547  5.71416000e+002
  548  5.68780000e+002
  549  5.72368000e+002
  550  5.72784000e+002
  551  5.71800000e+002
  552  5.73660000e+002
  553  5.73760000e+002
  554  5.77200000e+002
  555  5.78568000e+002
  556  5.80076000e+002
  557  5.82344000e+002
  558  5.84524000e+002
  559  5.84200000e+002
  560  5.83740000e+002
  561  5.83728000e+002
  562  5.81136000e+002
  563  5.84384000e+002
  564  5.83888000e+002
  565  5.84920000e+002
  566  5.85000000e+002
  567  5.85392000e+002
  568  5.86928000e+002
  569  5.84344000e+002
  570  5.86500000e+002
  571  5.88328000e+002
  572  5.88888000e+002
  573  5.88736000e+002
  574  5.90040000e+002
  575  5.90888000e+002
  576  5.92432000e+002
  577  5.91080000e+002
  578  5.95916000e+002
  579  5.96376000e+002
  580  5.96624000e+002
  581  5.97192000e+002
  582  6.00192000e+002
  583  5.98848000e+002
  584  6.02464000e+002
  585  6.01688000e+002
  586  6.00084000e+002
  587  6.03248000e+002
  588  6.03840000e+002
  589  6.04920000e+002
  590  6.04048000e+002
  591  6.06216000e+002
  592  6.03124000e+002
  593  6.02584000e+002
  594  6.02468000e+002
  595  6.03800000e+002
  596  6.03080000e+002
  597  6.02440000e+002
  598  6.04532000e+002
  599  6.06024000e+002
  600  6.08760000e+002
  601  6.09984000e+002
  602  6.12368000e+002
  603  6.11152000e+002
  604  6.11096000e+002
  605  6.10928000e+002
  606  6.11060000e+002
  607  6.12920000e+002
  608  6.12128000e+002
  609  6.14488000e+002
  610  6.17204000e+002
  611  6.15280000e+002
  612  6.12772000e+002
  613  6.10896000e+002
  614  6.12388000e+002
  615  6.14896000e+002
  616  6.16544000e+002
  617  6.15656000e+002
  618  6.17600000e+002
  619  6.18680000e+002
  620  6.18232000e+002
  621  6.20480000e+002
  622  6.19104000e+002
  623  6.18784000e+002
  624  6.21032000e+002
  625  6.22176000e+002
  626  6.22992000e+002
  627  6.26296000e+002
  628  6.25068000e+002
  629  6.23288000e+002
  630  6.24596000e+002
  631  6.25808000e+002
  632  6.23600000e+002
  633  6.24424000e+002
  634  6.23972000e+002
  635  6.24816000e+002
  636  6.25056000e+002
  637  6.26184000e+002
  638  6.26776000e+002
  639  6.29888000e+002
  640  6.29068000e+002
  641  6.31760000e+002
  642  6.33236000e+002
  643  6.32680000e+002
  644  6.30956000e+002
  645  6.33256000e+002
  646  6.36692000e+002
  647  6.36104000e+002
  648  6.38360000e+002
  649  6.39896000e+002
  650  6.40964000e+002
  651  6.41312000e+002
  652  6.43324000e+002
  653  6.46752000e+002
  654  6.45860000e+002
  655  6.47992000e+002
  656  6.45860000e+002
  657  6.45976000e+002
  658  6.45912000e+002
  659  6.44504000e+002
  660  6.45808000e+002
  661  6.45000000e+002
  662  6.45344000e+002
  663  6.47800000e+002
  664  6.48500000e+002
  665  6.50840000e+002
  666  6.51860000e+002
  667  6.51184000e+002
  668  6.53352000e+002
  669  6.52616000e+002
  670  6.55996000e+002
  671  6.57104000e+002
  672  6.55624000e+002
  673  6.59952000e+002
  674  6.61116000e+002
  675  6.62736000e+002
  676  6.63072000e+002
  677  6.61256000e+002
  678  6.62432000e+002
  679  6.63616000e+002
  680  6.63704000e+002
  681  6.66488000e+002
  682  6.66200000e+002
  683  6.66768000e+002
  684  6.67324000e+002
  685  6.71464000e+002
  686  6.68688000e+002
  687  6.68792000e+002
  688  6.69732000e+002
  689  6.70800000e+002
  690  6.72548000e+002
  691  6.74256000e+002
  692  6.71820000e+002
  693  6.77240000e+002
  694  6.76172000e+002
  695  6.77776000e+002
  696  6.80816000e+002
  697  6.82832000e+002
  698  6.84136000e+002
  699  6.87152000e+002
  700  6.87308000e+002
  701  6.91536000e+002
  702  6.93236000e+002
  703  6.92752000e+002
  704  6.91512000e+002
  705  6.91488000e+002
  706  6.92908000e+002
  707  6.94800000e+002
  708  6.93852000e+002
  709  6.97456000e+002
  710  6.99676000e+002
  711  6.98392000e+002
  712  6.97176000e+002
  713  6.97952000e+002
  714  6.97004000e+002
  715  6.98248000e+002
  716  7.01084000e+002
  717  7.04360000e+002
  718  7.02304000e+002
  719  7.01216000e+002
  720  7.03788000e+002
  721  7.03552000e+002
  722  7.07000000e+002
  723  7.06592000e+002
  724  7.08676000e+002
  725  7.08304000e+002
  726  7.11324000e+002
  727  7.11544000e+002
  728  7.11624000e+002
  729  7.12776000e+002
  730  7.14876000e+002
  731  7.13040000e+002
  732  7.12796000e+002
  733  7.10792000e+002
  734  7.12316000e+002
  735  7.11712000e+002
  736  7.12912000e+002
  737  7.13104000e+002
  738  7.11812000e+002
  739  7.13440000e+002
  740  7.16608000e+002
  741  7.16440000e+002
  742  7.22520000e+002
  743  7.23448000e+002
  744  7.24984000e+002
  745  7.24856000e+002
  746  7.26272000e+002
  747  7.29160000e+002
  748  7.29724000e+002
  749  7.29640000e+002
  750  7.29332000e+002
  751  7.29744000e+002
  752  7.30004000e+002
  753  7.30856000e+002
  754  7.31172000e+002
  755  7.33144000e+002
  756  7.36020000e+002
  757  7.40840000e+002
  758  7.42920000e+002
  759  7.46968000e+002
  760  7.48556000e+002
  761  7.47152000e+002
  762  7.48320000e+002
  763  7.47576000e+002
  764  7.48944000e+002
  765  7.48344000e+002
  766  7.50248000e+002
  767  7.51064000e+002
  768  7.50104000e+002
  769  7.55064000e+002
  770  7.57924000e+002
  771  7.58144000e+002
  772  7.61124000e+002
  773  7.61520000e+002
  774  7.62444000e+002
  775  7.61480000e+002
  776  7.59364000e+002
  777  7.59352000e+002
  778  7.62588000e+002
  779  7.64176000e+002
  780  7.65888000e+002
  781  7.68328000e+002
  782  7.70492000e+002
  783  7.69256000e+002
  784  7.68668000e+002
  785  7.67248000e+002
  786  7.69236000e+002
  787  7.70344000e+002
  788  7.69568000e+002
  789  7.68536000e+002
  790  7.69680000e+002
  791  7.73376000e+002
  792  7.74348000e+002
  793  7.76856000e+002
  794  7.77340000e+002
  795  7.80128000e+002
  796  7.82888000e+002
  797  7.82888000e+002
  798  7.84632000e+002
  799  7.86688000e+002
  800  7.85844000e+002
  801  7.87048000e+002
  802  7.87176000e+002
  803  7.85952000e+002
  804  7.86760000e+002
  805  7.86712000e+002
  806  7.90356000e+002
  807  7.90536000e+002
  808  7.91748000e+002
  809  7.93648000e+002
  810  7.94468000e+002
  811  7.93400000e+002
  812  7.92776000e+002
  813  7.92080000e+002
  814  7.94628000e+002
  815  7.95504000e+002
  816  7.96760000e+002
  817  7.97600000e+002
  818  7.98972000e+002
  819  7.98912000e+002
  820  7.99364000e+002
  821  7.99920000e+002
  822  8.00712000e+002
  823  8.00960000e+002
  824  8.00988000e+002
  825  8.03688000e+002
  826  8.06400000e+002
  827  8.07968000e+002
  828  8.11428000e+002
  829  8.10288000e+002
  830  8.10956000e+002
  831  8.10800000e+002
  832  8.09504000e+002
  833  8.12088000e+002
  834  8.13496000e+002
  835  8.13432000e+002
  836  8.16044000e+002
  837  8.15864000e+002
  838  8.13752000e+002
  839  8.13920000e+002
  840  8.14312000e+002
  841  8.17344000e+002
  842  8.18884000e+002
  843  8.20896000e+002
  844  8.21080000e+002
  845  8.20088000e+002
  846  8.22912000e+002
  847  8.24328000e+002
  848  8.23112000e+002
  849  8.23016000e+002
  850  8.26280000e+002
  851  8.25488000e+002
  852  8.27436000e+002
  853  8.26208000e+002
  854  8.27720000e+002
  855  8.30024000e+002
  856  8.31048000e+002
  857  8.29512000e+002
  858  8.27168000e+002
  859  8.29784000e+002
  860  8.29604000e+002
  861  8.29952000e+002
  862  8.30648000e+002
  863  8.32064000e+002
  864  8.32448000e+002
  865  8.32440000e+002
  866  8.35072000e+002
  867  8.38056000e+002
  868  8.39796000e+002
  869  8.44200000e+002
  870  8.47368000e+002
  871  8.45344000e+002
  872  8.47844000e+002
  873  8.51472000e+002
  874  8.52116000e+002
  875  8.54248000e+002
  876  8.57380000e+002
  877  8.56352000e+002
  878  8.59652000e+002
  879  8.61928000e+002
  880  8.66728000e+002
  881  8.66984000e+002
  882  8.69988000e+002
  883  8.71096000e+002
  884  8.69904000e+002
  885  8.70512000e+002
  886  8.69856000e+002
  887  8.69592000e+002
  888  8.67304000e+002
  889  8.69312000e+002
  890  8.71128000e+002
  891  8.75776000e+002
  892  8.77312000e+002
  893  8.82928000e+002
  894  8.84656000e+002
  895  8.86464000e+002
  896  8.89252000e+002
  897  8.90256000e+002
  898  8.89376000e+002
  899  8.89296000e+002
  900  8.86592000e+002
  901  8.84448000e+002
  902  8.86812000e+002
  903  8.89840000e+002
  904  8.92968000e+002
  905  8.91472000e+002
  906  8.92172000e+002
  907  8.90776000e+002
  908  8.95344000e+002
  909  8.97040000e+002
  910  8.97952000e+002
  911  8.99344000e+002
  912  8.98912000e+002
  913  9.01248000e+002
  914  9.06444000e+002
  915  9.08648000e+002
  916  9.07172000e+002
  917  9.05912000e+002
  918  9.07676000e+002
  919  9.07304000e+002
  920  9.07768000e+002
  921  9.07696000e+002
  922  9.08372000e+002
  923  9.07752000e+002
  924  9.10884000e+002
  925  9.11040000e+002
  926  9.15068000e+002
  927  9.17096000e+002
  928  9.19588000e+002
  929  9.19544000e+002
  930  9.18564000e+002
  931  9.19872000e+002
  932  9.21856000e+002
  933  9.25536000e+002
  934  9.27752000e+002
  935  9.31032000e+002
  936  9.33880000e+002
  937  9.35152000e+002
  938  9.37656000e+002
  939  9.37992000e+002
  940  9.38832000e+002
  941  9.39368000e+002
  942  9.36764000e+002
  943  9.41096000e+002
  944  9.44336000e+002
  945  9.44440000e+002
  946  9.47080000e+002
  947  9.48752000e+002
  948  9.50240000e+002
  949  9.53688000e+002
  950  9.55216000e+002
  951  9.58592000e+002
  952  9.55492000e+002
  953  9.53440000e+002
  954  9.53796000e+002
  955  9.54312000e+002
  956  9.55828000e+002
  957  9.58816000e+002
  958  9.59600000e+002
  959  9.55224000e+002
  960  9.55792000e+002
  961  9.56312000e+002
  962  9.56628000e+002
  963  9.60096000e+002
  964  9.62308000e+002
  965  9.66992000e+002
  966  9.64252000e+002
  967  9.67048000e+002
  968  9.70372000e+002
  969  9.72504000e+002
  970  9.72208000e+002
  971  9.69704000e+002
  972  9.67552000e+002
  973  9.65640000e+002
  974  9.66768000e+002
  975  9.68808000e+002
  976  9.69672000e+002
  977  9.68752000e+002
  978  9.70188000e+002
  979  9.69760000e+002
  980  9.70204000e+002
  981  9.67224000e+002
  982  9.66572000e+002
  983  9.66296000e+002
  984  9.69236000e+002
  985  9.72976000e+002
  986  9.73428000e+002
  987  9.78720000e+002
  988  9.77880000e+002
  989  9.81352000e+002
  990  9.82692000e+002
  991  9.82000000e+002
  992  9.80944000e+002
  993  9.83192000e+002
  994  9.88860000e+002
  995  9.89016000e+002
  996  9.89152000e+002
  997  9.92024000e+002
  998  9.92268000e+002
  999  9.92392000e+002
 1000  9.93060000e+002
