1	4.136778
2	4.212841
3	4.263720
4	4.309199
5	4.352253
6	4.388848
7	4.422570
8	4.454155
9	4.485200
10	4.513337
11	4.540582
12	4.565889
13	4.591315
14	4.614167
15	4.637431
16	4.658593
17	4.680279
18	4.700439
19	4.719359
20	4.738844
21	4.756641
22	4.773902
23	4.791382
24	4.808576
25	4.824650
26	4.840879
27	4.856134
28	4.871933
29	4.885585
30	4.900258
31	4.914672
32	4.928751
33	4.942153
34	4.954879
35	4.968299
36	4.980645
37	4.992987
38	5.005246
39	5.017566
40	5.029311
41	5.040974
42	5.052218
43	5.062348
44	5.073223
45	5.083735
46	5.093674
47	5.103688
48	5.113421
49	5.123831
50	5.133857
51	5.143441
52	5.152939
53	5.161621
54	5.170874
55	5.179308
56	5.187898
57	5.196484
58	5.205449
59	5.213996
60	5.222551
61	5.230234
62	5.238072
63	5.245995
64	5.253384
65	5.260587
66	5.268415
67	5.276197
68	5.282655
69	5.289727
70	5.297100
71	5.304118
72	5.310936
73	5.317839
74	5.324995
75	5.331933
76	5.337548
77	5.343743
78	5.349851
79	5.355920
80	5.361931
81	5.368376
82	5.374697
83	5.380566
84	5.386468
85	5.392693
86	5.398608
87	5.404408
88	5.409994
89	5.415188
90	5.420781
91	5.425469
92	5.430934
93	5.436227
94	5.440926
95	5.446572
96	5.451921
97	5.456691
98	5.461291
99	5.466301
100	5.471412
101	5.475971
102	5.480533
103	5.485023
104	5.488767
105	5.494089
106	5.498506
107	5.502792
108	5.507575
109	5.511676
110	5.515741
111	5.520277
112	5.523939
113	5.528096
114	5.531542
115	5.535547
116	5.540031
117	5.544193
118	5.548574
119	5.552937
120	5.556640
121	5.560584
122	5.564123
123	5.567911
124	5.572102
125	5.576098
126	5.580037
127	5.583168
128	5.586653
129	5.590559
130	5.594779
131	5.598274
132	5.601832
133	5.605275
134	5.608462
135	5.611710
136	5.615568
137	5.618749
138	5.622194
139	5.625863
140	5.628923
141	5.632740
142	5.635603
143	5.639029
144	5.642036
145	5.645049
146	5.647611
147	5.651246
148	5.654293
149	5.657651
150	5.660924
151	5.664296
152	5.667698
153	5.670280
154	5.673496
155	5.676763
156	5.679226
157	5.682407
158	5.685523
159	5.688142
160	5.691351
161	5.694147
162	5.697350
163	5.699977
164	5.702787
165	5.705776
166	5.708412
167	5.711158
168	5.714000
169	5.716404
170	5.719445
171	5.722099
172	5.724826
173	5.727327
174	5.729977
175	5.732746
176	5.735354
177	5.737894
178	5.739887
179	5.742840
180	5.745262
181	5.747799
182	5.750238
183	5.753107
184	5.755556
185	5.757866
186	5.760146
187	5.762226
188	5.764943
189	5.767430
190	5.769814
191	5.772196
192	5.774871
193	5.777271
194	5.779513
195	5.781869
196	5.784159
197	5.786300
198	5.788457
199	5.790530
200	5.792724
201	5.794580
202	5.797204
203	5.799495
204	5.801606
205	5.804021
206	5.806116
207	5.808302
208	5.810847
209	5.812883
210	5.815198
211	5.817070
212	5.819275
213	5.821077
214	5.823772
215	5.825781
216	5.828160
217	5.830062
218	5.831901
219	5.834301
220	5.835877
221	5.838181
222	5.840103
223	5.841963
224	5.844152
225	5.846778
226	5.848832
227	5.850473
228	5.852799
229	5.854495
230	5.856354
231	5.858474
232	5.860210
233	5.862004
234	5.864081
235	5.866141
236	5.867812
237	5.869411
238	5.871335
239	5.873426
240	5.875414
241	5.877401
242	5.879658
243	5.881374
244	5.883503
245	5.885315
246	5.887431
247	5.889053
248	5.890634
249	5.892535
250	5.894560
251	5.896211
252	5.898325
253	5.900303
254	5.901965
255	5.903677
256	5.905793
257	5.907569
258	5.909531
259	5.910924
260	5.913052
261	5.914623
262	5.916752
263	5.918645
264	5.920577
265	5.922094
266	5.923640
267	5.925429
268	5.926752
269	5.928579
270	5.930210
271	5.932048
272	5.933814
273	5.935245
274	5.936787
275	5.938775
276	5.940189
277	5.941897
278	5.943449
279	5.945450
280	5.947185
281	5.949039
282	5.950535
283	5.952095
284	5.954029
285	5.955498
286	5.957319
287	5.959536
288	5.960874
289	5.962807
290	5.964235
291	5.965491
292	5.967066
293	5.968768
294	5.970669
295	5.972122
296	5.973365
297	5.975618
298	5.977126
299	5.978774
300	5.979682
301	5.981652
302	5.983203
303	5.985038
304	5.986480
305	5.988136
306	5.989400
307	5.991382
308	5.992918
309	5.994506
310	5.996032
311	5.997708
312	5.999307
313	6.000571
314	6.001826
315	6.003479
316	6.004770
317	6.006327
318	6.007633
319	6.009058
320	6.010686
321	6.012442
322	6.013642
323	6.014938
324	6.016388
325	6.018254
326	6.019664
327	6.021290
328	6.022543
329	6.024301
330	6.025494
331	6.027110
332	6.028993
333	6.030067
334	6.031563
335	6.033140
336	6.034491
337	6.035741
338	6.037291
339	6.038314
340	6.039914
341	6.041183
342	6.042942
343	6.044523
344	6.045696
345	6.047018
346	6.048400
347	6.050090
348	6.051319
349	6.052668
350	6.054624
351	6.056077
352	6.057063
353	6.058500
354	6.059909
355	6.061581
356	6.062903
357	6.064105
358	6.065600
359	6.067089
360	6.068437
361	6.069697
362	6.071064
363	6.072210
364	6.073484
365	6.074782
366	6.076139
367	6.077992
368	6.079204
369	6.080586
370	6.081959
371	6.083204
372	6.084449
373	6.086000
374	6.087435
375	6.088366
376	6.089952
377	6.091362
378	6.092735
379	6.093894
380	6.095345
381	6.096785
382	6.098177
383	6.099347
384	6.100895
385	6.102193
386	6.102923
387	6.104070
388	6.105263
389	6.106508
390	6.107688
391	6.109437
392	6.111036
393	6.112171
394	6.113895
395	6.114924
396	6.115990
397	6.117317
398	6.118586
399	6.119938
400	6.121266
401	6.122339
402	6.123673
403	6.124756
404	6.126298
405	6.127282
406	6.128696
407	6.129994
408	6.131746
409	6.132782
410	6.134165
411	6.135461
412	6.136515
413	6.137785
414	6.138765
415	6.140148
416	6.141486
417	6.142732
418	6.143810
419	6.145411
420	6.146514
421	6.147544
422	6.149175
423	6.150357
424	6.151473
425	6.152730
426	6.153661
427	6.155025
428	6.155852
429	6.157060
430	6.158423
431	6.159239
432	6.160641
433	6.162246
434	6.163337
435	6.164674
436	6.165767
437	6.166847
438	6.167802
439	6.168960
440	6.170195
441	6.171863
442	6.172852
443	6.174022
444	6.174584
445	6.175776
446	6.177021
447	6.178334
448	6.179455
449	6.180454
450	6.181662
451	6.182673
452	6.183852
453	6.185092
454	6.185966
455	6.187194
456	6.188106
457	6.189367
458	6.190463
459	6.191406
460	6.192375
461	6.193418
462	6.194541
463	6.195999
464	6.197024
465	6.197966
466	6.199424
467	6.200559
468	6.201681
469	6.202538
470	6.204050
471	6.204808
472	6.206252
473	6.207051
474	6.208195
475	6.209312
476	6.210911
477	6.211815
478	6.212608
479	6.214106
480	6.215054
481	6.216127
482	6.217277
483	6.218210
484	6.219599
485	6.220896
486	6.221775
487	6.222808
488	6.223903
489	6.224660
490	6.226107
491	6.227419
492	6.228311
493	6.229486
494	6.230707
495	6.231630
496	6.232806
497	6.234076
498	6.235526
499	6.236147
500	6.237347
501	6.238179
502	6.239160
503	6.240320
504	6.241487
505	6.242333
506	6.243574
507	6.244585
508	6.246032
509	6.247148
510	6.248099
511	6.249213
512	6.250435
513	6.251342
514	6.252725
515	6.253667
516	6.254915
517	6.256172
518	6.257026
519	6.257869
520	6.259081
521	6.260119
522	6.261228
523	6.262277
524	6.263320
525	6.264771
526	6.265738
527	6.266679
528	6.267526
529	6.268942
530	6.269928
531	6.271032
532	6.272100
533	6.272731
534	6.273900
535	6.274925
536	6.275999
537	6.277129
538	6.278532
539	6.279389
540	6.280169
541	6.281053
542	6.282072
543	6.283248
544	6.284631
545	6.285538
546	6.286906
547	6.287554
548	6.288796
549	6.289880
550	6.290703
551	6.291486
552	6.292455
553	6.293739
554	6.294791
555	6.296016
556	6.296691
557	6.297650
558	6.298781
559	6.299668
560	6.300303
561	6.301538
562	6.302369
563	6.303330
564	6.304500
565	6.305721
566	6.306707
567	6.307729
568	6.308652
569	6.309619
570	6.310705
571	6.312011
572	6.312961
573	6.313551
574	6.314635
575	6.315673
576	6.316510
577	6.317854
578	6.318031
579	6.319318
580	6.319974
581	6.320952
582	6.321783
583	6.323223
584	6.324224
585	6.325439
586	6.326207
587	6.327271
588	6.327975
589	6.329125
590	6.330375
591	6.331301
592	6.332479
593	6.333080
594	6.334142
595	6.334975
596	6.336175
597	6.337069
598	6.338218
599	6.339013
600	6.340462
601	6.341344
602	6.342429
603	6.343066
604	6.344120
605	6.344965
606	6.345838
607	6.346762
608	6.347524
609	6.348725
610	6.349551
611	6.350309
612	6.351530
613	6.352697
614	6.353614
615	6.354396
616	6.355554
617	6.356350
618	6.357500
619	6.358230
620	6.359077
621	6.360211
622	6.361134
623	6.362267
624	6.362919
625	6.363978
626	6.364429
627	6.365704
628	6.366609
629	6.367303
630	6.368119
631	6.369083
632	6.370140
633	6.370846
634	6.371729
635	6.372271
636	6.373197
637	6.373927
638	6.374932
639	6.375806
640	6.377116
641	6.377808
642	6.378455
643	6.379616
644	6.380436
645	6.381503
646	6.382425
647	6.382913
648	6.383964
649	6.385196
650	6.385839
651	6.386864
652	6.388130
653	6.388986
654	6.389713
655	6.390462
656	6.391441
657	6.392141
658	6.392845
659	6.393732
660	6.394656
661	6.395819
662	6.396693
663	6.397996
664	6.399016
665	6.399578
666	6.400591
667	6.401460
668	6.402211
669	6.403139
670	6.404225
671	6.405167
672	6.405998
673	6.406679
674	6.407779
675	6.408420
676	6.409559
677	6.410402
678	6.411567
679	6.412343
680	6.413505
681	6.414015
682	6.415037
683	6.415937
684	6.417200
685	6.417973
686	6.418934
687	6.420045
688	6.420764
689	6.421636
690	6.422415
691	6.423227
692	6.424445
693	6.425418
694	6.425962
695	6.427011
696	6.428012
697	6.428608
698	6.429127
699	6.430318
700	6.431331
701	6.432063
702	6.433079
703	6.433763
704	6.434906
705	6.435373
706	6.436204
707	6.437102
708	6.437961
709	6.439262
710	6.440149
711	6.441259
712	6.442010
713	6.442698
714	6.443379
715	6.444351
716	6.445339
717	6.446116
718	6.446972
719	6.447919
720	6.448690
721	6.449653
722	6.450548
723	6.451504
724	6.452114
725	6.453004
726	6.453593
727	6.454555
728	6.455423
729	6.456530
730	6.457075
731	6.457992
732	6.458792
733	6.459523
734	6.460362
735	6.461577
736	6.462177
737	6.463369
738	6.464010
739	6.464518
740	6.465392
741	6.465949
742	6.466865
743	6.467621
744	6.468575
745	6.469555
746	6.470172
747	6.471111
748	6.472100
749	6.472870
750	6.473782
751	6.474745
752	6.475639
753	6.476462
754	6.477246
755	6.478170
756	6.478857
757	6.479844
758	6.480328
759	6.481154
760	6.482357
761	6.483019
762	6.483653
763	6.484836
764	6.485578
765	6.486147
766	6.487142
767	6.488023
768	6.488619
769	6.489584
770	6.490156
771	6.490730
772	6.491697
773	6.492309
774	6.493380
775	6.494052
776	6.494890
777	6.495236
778	6.496337
779	6.497016
780	6.498137
781	6.498751
782	6.499170
783	6.499972
784	6.500781
785	6.501852
786	6.502799
787	6.503312
788	6.504045
789	6.504638
790	6.505829
791	6.506734
792	6.507423
793	6.508004
794	6.508991
795	6.509836
796	6.510664
797	6.511412
798	6.512643
799	6.513079
800	6.513929
801	6.514892
802	6.515459
803	6.516389
804	6.516901
805	6.517751
806	6.518596
807	6.519245
808	6.520018
809	6.520704
810	6.521538
811	6.522320
812	6.523282
813	6.523734
814	6.524805
815	6.525371
816	6.526229
817	6.526941
818	6.527461
819	6.528471
820	6.528945
821	6.530146
822	6.530544
823	6.531318
824	6.532290
825	6.532739
826	6.533542
827	6.534161
828	6.534745
829	6.535766
830	6.536676
831	6.537315
832	6.537739
833	6.538767
834	6.539251
835	6.540229
836	6.540734
837	6.541739
838	6.542303
839	6.543115
840	6.543596
841	6.544771
842	6.545585
843	6.546281
844	6.547080
845	6.548136
846	6.548888
847	6.549452
848	6.550071
849	6.551020
850	6.551470
851	6.552328
852	6.553026
853	6.553648
854	6.554331
855	6.555273
856	6.555658
857	6.556506
858	6.557249
859	6.557529
860	6.558805
861	6.559048
862	6.559765
863	6.560600
864	6.561452
865	6.562152
866	6.562927
867	6.563628
868	6.564745
869	6.564993
870	6.566087
871	6.566705
872	6.567639
873	6.568189
874	6.568916
875	6.569715
876	6.570372
877	6.571132
878	6.571829
879	6.572746
880	6.573367
881	6.574200
882	6.574597
883	6.575238
884	6.576343
885	6.576695
886	6.577840
887	6.578290
888	6.579168
889	6.579337
890	6.580483
891	6.581175
892	6.581940
893	6.582457
894	6.583310
895	6.584007
896	6.584551
897	6.585669
898	6.586434
899	6.587021
900	6.587821
901	6.588392
902	6.589162
903	6.589866
904	6.590600
905	6.591169
906	6.592034
907	6.592432
908	6.593196
909	6.593635
910	6.594362
911	6.595242
912	6.595825
913	6.596449
914	6.597020
915	6.597815
916	6.598531
917	6.599431
918	6.600180
919	6.600762
920	6.601762
921	6.602262
922	6.602995
923	6.603996
924	6.604883
925	6.605366
926	6.606240
927	6.606893
928	6.607784
929	6.608169
930	6.608857
931	6.609436
932	6.610057
933	6.610722
934	6.611430
935	6.611930
936	6.612799
937	6.613781
938	6.614413
939	6.614891
940	6.615661
941	6.615853
942	6.616726
943	6.617314
944	6.617893
945	6.618663
946	6.619391
947	6.620335
948	6.620987
949	6.621891
950	6.622320
951	6.622837
952	6.623590
953	6.624278
954	6.625349
955	6.625799
956	6.626753
957	6.627140
958	6.627678
959	6.628677
960	6.629221
961	6.630040
962	6.630628
963	6.631159
964	6.631803
965	6.632600
966	6.633284
967	6.634062
968	6.634516
969	6.635236
970	6.636136
971	6.636425
972	6.637366
973	6.638093
974	6.638903
975	6.639607
976	6.640209
977	6.640948
978	6.641480
979	6.642434
980	6.642848
981	6.643662
982	6.644433
983	6.644932
984	6.645215
985	6.645966
986	6.646406
987	6.647303
988	6.648063
989	6.648718
990	6.649158
991	6.649834
992	6.650750
993	6.651279
994	6.652171
995	6.652718
996	6.653264
997	6.653954
998	6.654937
999	6.655395
1000	6.656360
1001	6.656672
1002	6.657347
1003	6.657709
1004	6.658628
1005	6.659608
1006	6.659930
1007	6.660745
1008	6.661352
1009	6.661895
1010	6.662531
1011	6.663315
1012	6.664068
1013	6.664682
1014	6.665092
1015	6.665757
1016	6.666323
1017	6.667235
1018	6.667724
1019	6.668093
1020	6.669020
1021	6.669618
1022	6.670273
1023	6.670975
1024	6.671676
1025	6.672271
1026	6.672866
1027	6.673494
1028	6.674120
1029	6.674881
1030	6.675494
1031	6.675912
1032	6.676624
1033	6.677320
1034	6.677767
1035	6.678701
1036	6.679436
1037	6.680196
1038	6.680771
1039	6.681381
1040	6.681946
1041	6.682597
1042	6.683046
1043	6.683641
1044	6.684279
1045	6.685190
1046	6.685325
1047	6.685993
1048	6.686578
1049	6.687499
1050	6.688252
1051	6.689029
1052	6.689522
1053	6.689836
1054	6.690828
1055	6.691243
1056	6.691726
1057	6.692666
1058	6.693290
1059	6.693945
1060	6.694603
1061	6.695330
1062	6.695530
1063	6.696085
1064	6.697107
1065	6.697797
1066	6.698400
1067	6.698797
1068	6.699571
1069	6.700059
1070	6.700764
1071	6.701230
1072	6.702260
1073	6.702601
1074	6.703396
1075	6.704132
1076	6.704597
1077	6.705022
1078	6.705538
1079	6.706534
1080	6.706840
1081	6.707544
1082	6.708174
1083	6.708997
1084	6.709908
1085	6.710253
1086	6.711112
1087	6.711785
1088	6.712148
1089	6.712951
1090	6.713570
1091	6.714216
1092	6.714834
1093	6.715417
1094	6.715957
1095	6.716379
1096	6.717097
1097	6.717830
1098	6.718557
1099	6.719321
1100	6.719499
1101	6.720573
1102	6.720880
1103	6.721401
1104	6.722162
1105	6.722613
1106	6.723432
1107	6.724100
1108	6.724912
1109	6.725275
1110	6.725868
1111	6.726813
1112	6.727773
1113	6.728058
1114	6.728582
1115	6.729638
1116	6.729924
1117	6.730552
1118	6.730915
1119	6.731753
1120	6.732261
1121	6.732992
1122	6.733519
1123	6.734100
1124	6.734547
1125	6.735226
1126	6.735765
1127	6.736379
1128	6.736973
1129	6.737775
1130	6.738167
1131	6.738694
1132	6.739400
1133	6.739756
1134	6.740593
1135	6.741030
1136	6.741295
1137	6.741934
1138	6.742664
1139	6.743211
1140	6.743890
1141	6.744370
1142	6.745038
1143	6.745623
1144	6.746206
1145	6.746865
1146	6.747626
1147	6.748212
1148	6.748519
1149	6.749006
1150	6.749847
1151	6.749954
1152	6.750799
1153	6.751316
1154	6.751876
1155	6.752409
1156	6.753343
1157	6.753995
1158	6.754571
1159	6.754743
1160	6.755415
1161	6.755966
1162	6.756653
1163	6.757401
1164	6.757862
1165	6.758464
1166	6.759151
1167	6.759468
1168	6.759836
1169	6.760447
1170	6.760912
1171	6.761671
1172	6.762392
1173	6.762872
1174	6.763292
1175	6.763801
1176	6.764228
1177	6.764951
1178	6.765638
1179	6.765927
1180	6.766753
1181	6.767273
1182	6.767903
1183	6.768432
1184	6.769086
1185	6.769756
1186	6.770173
1187	6.770644
1188	6.770943
1189	6.771689
1190	6.772076
1191	6.772846
1192	6.773305
1193	6.773772
1194	6.774237
1195	6.774760
1196	6.775572
1197	6.776350
1198	6.776414
1199	6.777566
1200	6.777815
1201	6.778165
1202	6.778577
1203	6.779465
1204	6.780010
1205	6.780442
1206	6.781128
1207	6.781474
1208	6.782181
1209	6.782828
1210	6.783538
1211	6.784074
1212	6.784812
1213	6.785413
1214	6.785764
1215	6.786366
1216	6.786988
1217	6.787498
1218	6.787838
1219	6.788688
1220	6.788803
1221	6.789754
1222	6.790036
1223	6.790682
1224	6.791652
1225	6.791859
1226	6.792236
1227	6.792936
1228	6.793459
1229	6.794189
1230	6.794867
1231	6.795184
1232	6.795935
1233	6.796486
1234	6.797413
1235	6.797701
1236	6.798222
1237	6.798736
1238	6.799361
1239	6.800032
1240	6.800531
1241	6.801086
1242	6.801440
1243	6.802097
1244	6.802621
1245	6.803028
1246	6.803522
1247	6.804089
1248	6.804728
1249	6.805171
1250	6.806087
1251	6.806429
1252	6.807013
1253	6.807479
1254	6.808119
1255	6.808753
1256	6.809102
1257	6.809609
1258	6.810118
1259	6.810263
1260	6.810836
1261	6.811579
1262	6.811806
1263	6.812516
1264	6.812978
1265	6.813486
1266	6.814078
1267	6.814823
1268	6.815072
1269	6.815622
1270	6.816341
1271	6.816966
1272	6.817459
1273	6.817681
1274	6.818214
1275	6.818764
1276	6.819292
1277	6.819826
1278	6.820352
1279	6.821046
1280	6.821204
1281	6.821938
1282	6.822541
1283	6.822566
1284	6.823182
1285	6.823604
1286	6.824294
1287	6.824985
1288	6.825416
1289	6.825746
1290	6.826690
1291	6.827049
1292	6.827501
1293	6.828123
1294	6.828465
1295	6.828782
1296	6.829525
1297	6.830306
1298	6.830143
1299	6.831238
1300	6.831859
1301	6.832494
1302	6.833078
1303	6.833555
1304	6.834047
1305	6.834609
1306	6.835003
1307	6.835531
1308	6.836262
1309	6.836562
1310	6.836737
1311	6.837255
1312	6.837887
1313	6.838176
1314	6.838563
1315	6.839402
1316	6.839682
1317	6.840480
1318	6.840681
1319	6.841342
1320	6.841810
1321	6.842035
1322	6.842818
1323	6.843574
1324	6.843825
1325	6.844525
1326	6.844908
1327	6.845223
1328	6.845926
1329	6.846227
1330	6.846788
1331	6.847297
1332	6.847523
1333	6.848253
1334	6.848662
1335	6.849363
1336	6.849745
1337	6.850100
1338	6.850629
1339	6.851000
1340	6.851534
1341	6.852181
1342	6.852443
1343	6.853192
1344	6.853626
1345	6.854073
1346	6.854560
1347	6.855077
1348	6.856016
1349	6.856362
1350	6.856619
1351	6.857032
1352	6.857516
1353	6.858053
1354	6.858507
1355	6.859111
1356	6.859655
1357	6.860102
1358	6.860719
1359	6.861239
1360	6.862062
1361	6.862564
1362	6.862877
1363	6.863628
1364	6.863832
1365	6.864566
1366	6.865303
1367	6.865935
1368	6.866153
1369	6.866524
1370	6.867211
1371	6.867451
1372	6.868324
1373	6.868500
1374	6.869282
1375	6.869657
1376	6.870281
1377	6.870679
1378	6.871198
1379	6.871702
1380	6.872186
1381	6.872603
1382	6.873001
1383	6.873697
1384	6.874240
1385	6.874766
1386	6.875152
1387	6.875686
1388	6.875959
1389	6.876767
1390	6.876940
1391	6.877638
1392	6.878120
1393	6.878633
1394	6.878918
1395	6.879707
1396	6.880032
1397	6.880782
1398	6.881199
1399	6.881623
1400	6.882450
1401	6.882736
1402	6.883192
1403	6.883576
1404	6.883937
1405	6.884213
1406	6.884517
1407	6.885518
1408	6.885878
1409	6.886055
1410	6.886857
1411	6.887155
1412	6.887773
1413	6.888059
1414	6.888606
1415	6.888691
1416	6.889326
1417	6.890053
1418	6.890407
1419	6.891391
1420	6.891737
1421	6.892543
1422	6.892841
1423	6.893017
1424	6.893635
1425	6.894137
1426	6.894826
1427	6.895213
1428	6.895848
1429	6.896288
1430	6.896882
1431	6.896989
1432	6.897851
1433	6.898048
1434	6.898439
1435	6.899178
1436	6.899414
1437	6.900029
1438	6.900670
1439	6.901138
1440	6.901479
1441	6.902034
1442	6.902156
1443	6.902696
1444	6.903208
1445	6.903405
1446	6.904154
1447	6.904791
1448	6.905287
1449	6.905604
1450	6.906113
1451	6.906598
1452	6.906931
1453	6.907480
1454	6.908017
1455	6.908514
1456	6.908747
1457	6.909243
1458	6.909753
1459	6.909989
1460	6.910577
1461	6.910985
1462	6.911607
1463	6.911805
1464	6.912423
1465	6.912869
1466	6.913569
1467	6.914128
1468	6.914802
1469	6.915206
1470	6.915752
1471	6.916346
1472	6.916657
1473	6.916940
1474	6.917564
1475	6.918101
1476	6.918584
1477	6.919034
1478	6.919306
1479	6.919945
1480	6.920497
1481	6.920895
1482	6.921660
1483	6.921872
1484	6.922389
1485	6.922693
1486	6.923110
1487	6.923587
1488	6.923860
1489	6.924327
1490	6.924914
1491	6.925297
1492	6.925868
1493	6.926040
1494	6.926388
1495	6.926744
1496	6.927430
1497	6.927818
1498	6.928464
1499	6.928733
1500	6.929238
1501	6.929391
1502	6.930245
1503	6.930485
1504	6.931248
1505	6.931492
1506	6.932159
1507	6.932539
1508	6.932843
1509	6.933550
1510	6.933753
1511	6.934141
1512	6.934765
1513	6.935430
1514	6.935651
1515	6.935956
1516	6.936798
1517	6.936979
1518	6.937549
1519	6.937741
1520	6.938326
1521	6.938659
1522	6.938983
1523	6.939367
1524	6.939871
1525	6.940327
1526	6.940520
1527	6.940948
1528	6.941620
1529	6.941694
1530	6.942474
1531	6.942844
1532	6.943535
1533	6.943604
1534	6.943930
1535	6.944517
1536	6.944813
1537	6.945257
1538	6.945757
1539	6.946174
1540	6.946345
1541	6.946848
1542	6.947242
1543	6.947478
1544	6.948267
1545	6.948598
1546	6.949046
1547	6.949543
1548	6.949855
1549	6.950105
1550	6.950679
1551	6.951501
1552	6.951560
1553	6.951948
1554	6.952458
1555	6.953055
1556	6.953147
1557	6.953560
1558	6.954336
1559	6.954422
1560	6.954892
1561	6.955290
1562	6.956004
1563	6.956301
1564	6.956693
1565	6.957163
1566	6.957529
1567	6.957948
1568	6.958451
1569	6.959126
1570	6.959286
1571	6.959844
1572	6.960305
1573	6.961089
1574	6.961350
1575	6.961585
1576	6.961818
1577	6.962460
1578	6.962935
1579	6.963504
1580	6.964023
1581	6.964298
1582	6.964963
1583	6.965347
1584	6.966017
1585	6.966238
1586	6.966533
1587	6.966972
1588	6.967421
1589	6.967720
1590	6.968064
1591	6.968166
1592	6.968957
1593	6.969225
1594	6.970172
1595	6.970250
1596	6.970730
1597	6.971273
1598	6.971518
1599	6.971643
1600	6.972449
1601	6.972838
1602	6.973337
1603	6.973909
1604	6.974220
1605	6.974852
1606	6.974895
1607	6.975780
1608	6.976072
1609	6.976379
1610	6.976746
1611	6.977206
1612	6.977586
1613	6.977999
1614	6.978473
1615	6.978934
1616	6.979407
1617	6.979817
1618	6.980297
1619	6.980729
1620	6.981068
1621	6.981584
1622	6.982048
1623	6.982458
1624	6.982978
1625	6.983021
1626	6.983592
1627	6.984005
1628	6.984743
1629	6.985138
1630	6.985423
1631	6.985687
1632	6.986032
1633	6.986241
1634	6.986963
1635	6.987546
1636	6.988247
1637	6.988510
1638	6.989027
1639	6.989513
1640	6.989557
1641	6.989939
1642	6.990506
1643	6.991008
1644	6.991221
1645	6.991655
1646	6.992147
1647	6.992411
1648	6.992996
1649	6.993719
1650	6.994036
1651	6.994417
1652	6.994901
1653	6.995159
1654	6.995596
1655	6.995825
1656	6.996536
1657	6.996924
1658	6.997377
1659	6.997513
1660	6.997886
1661	6.998516
1662	6.998875
1663	6.999557
1664	7.000004
1665	7.000466
1666	7.000948
1667	7.001157
1668	7.001592
1669	7.001877
1670	7.001977
1671	7.002227
1672	7.003116
1673	7.003268
1674	7.004007
1675	7.004728
1676	7.004890
1677	7.005601
1678	7.005590
1679	7.005871
1680	7.006091
1681	7.006562
1682	7.007070
1683	7.007340
1684	7.007821
1685	7.008160
1686	7.008565
1687	7.008515
1688	7.009108
1689	7.009507
1690	7.009967
1691	7.010510
1692	7.010815
1693	7.010874
1694	7.011460
1695	7.012082
1696	7.012414
1697	7.012728
1698	7.012930
1699	7.013427
1700	7.014052
1701	7.014525
1702	7.014862
1703	7.015336
1704	7.015743
1705	7.016138
1706	7.016639
1707	7.016873
1708	7.017114
1709	7.017612
1710	7.017990
1711	7.018256
1712	7.018985
1713	7.019100
1714	7.019229
1715	7.019955
1716	7.020377
1717	7.020714
1718	7.021166
1719	7.021544
1720	7.021924
1721	7.022372
1722	7.022763
1723	7.022976
1724	7.023724
1725	7.023887
1726	7.024183
1727	7.025015
1728	7.025200
1729	7.025532
1730	7.026059
1731	7.026624
1732	7.026548
1733	7.026896
1734	7.027111
1735	7.027522
1736	7.028181
1737	7.028417
1738	7.028983
1739	7.029403
1740	7.029771
1741	7.030217
1742	7.030296
1743	7.030948
1744	7.031112
1745	7.031732
1746	7.032145
1747	7.032613
1748	7.033184
1749	7.033031
1750	7.033434
1751	7.033809
1752	7.033972
1753	7.034475
1754	7.034770
1755	7.034973
1756	7.035607
1757	7.035742
1758	7.036225
1759	7.036630
1760	7.037217
1761	7.037607
1762	7.038230
1763	7.038408
1764	7.038833
1765	7.039161
1766	7.039060
1767	7.039625
1768	7.040227
1769	7.040282
1770	7.040747
1771	7.041238
1772	7.041667
1773	7.042081
1774	7.042632
1775	7.043060
1776	7.043468
1777	7.043631
1778	7.044093
1779	7.044264
1780	7.044679
1781	7.045118
1782	7.045542
1783	7.046193
1784	7.046465
1785	7.046868
1786	7.047218
1787	7.047651
1788	7.047965
1789	7.048331
1790	7.048632
1791	7.049048
1792	7.049499
1793	7.049981
1794	7.050393
1795	7.050892
1796	7.051635
1797	7.051934
1798	7.052335
1799	7.052652
1800	7.053326
1801	7.053347
1802	7.054019
1803	7.054176
1804	7.054454
1805	7.055023
1806	7.055394
1807	7.055468
1808	7.055990
1809	7.056124
1810	7.056865
1811	7.056960
1812	7.057385
1813	7.057699
1814	7.058342
1815	7.058684
1816	7.058866
1817	7.059156
1818	7.059387
1819	7.059487
1820	7.060447
1821	7.060664
1822	7.060810
1823	7.061570
1824	7.061983
1825	7.062238
1826	7.062422
1827	7.062583
1828	7.062922
1829	7.063364
1830	7.063445
1831	7.064036
1832	7.064220
1833	7.064687
1834	7.064951
1835	7.065264
1836	7.065892
1837	7.066199
1838	7.066593
1839	7.066981
1840	7.067376
1841	7.067677
1842	7.068222
1843	7.068919
1844	7.069027
1845	7.069614
1846	7.070032
1847	7.070157
1848	7.070595
1849	7.070970
1850	7.071451
1851	7.071724
1852	7.071926
1853	7.072565
1854	7.073079
1855	7.073488
1856	7.073498
1857	7.073997
1858	7.074331
1859	7.074352
1860	7.074854
1861	7.075049
1862	7.075307
1863	7.075684
1864	7.076046
1865	7.076354
1866	7.076711
1867	7.077232
1868	7.077371
1869	7.077772
1870	7.077959
1871	7.078478
1872	7.078796
1873	7.079089
1874	7.079240
1875	7.079629
1876	7.080317
1877	7.080434
1878	7.080809
1879	7.081326
1880	7.081236
1881	7.081780
1882	7.082470
1883	7.082522
1884	7.082975
1885	7.083611
1886	7.083846
1887	7.084037
1888	7.084392
1889	7.084696
1890	7.084893
1891	7.085383
1892	7.085584
1893	7.085937
1894	7.086444
1895	7.086541
1896	7.087100
1897	7.087128
1898	7.087713
1899	7.088197
1900	7.088555
1901	7.088887
1902	7.088983
1903	7.089325
1904	7.089576
1905	7.089678
1906	7.090194
1907	7.090823
1908	7.090828
1909	7.091550
1910	7.091867
1911	7.091664
1912	7.092155
1913	7.092662
1914	7.092979
1915	7.093444
1916	7.093837
1917	7.094347
1918	7.094398
1919	7.094695
1920	7.095078
1921	7.095677
1922	7.095694
1923	7.096291
1924	7.096722
1925	7.096875
1926	7.097255
1927	7.097281
1928	7.097585
1929	7.098191
1930	7.098695
1931	7.098931
1932	7.099386
1933	7.099473
1934	7.099954
1935	7.100336
1936	7.100892
1937	7.100839
1938	7.101238
1939	7.101565
1940	7.101898
1941	7.102292
1942	7.102925
1943	7.103030
1944	7.103488
1945	7.103512
1946	7.104026
1947	7.104436
1948	7.104880
1949	7.105033
1950	7.105566
1951	7.106099
1952	7.106465
1953	7.106791
1954	7.106916
1955	7.107179
1956	7.107778
1957	7.107980
1958	7.108384
1959	7.108836
1960	7.109063
1961	7.109328
1962	7.109813
1963	7.110220
1964	7.110626
1965	7.110848
1966	7.111024
1967	7.111293
1968	7.111789
1969	7.112327
1970	7.112587
1971	7.113062
1972	7.112867
1973	7.113411
1974	7.114148
1975	7.114280
1976	7.114730
1977	7.114632
1978	7.115131
1979	7.115471
1980	7.116079
1981	7.116275
1982	7.116447
1983	7.116694
1984	7.117201
1985	7.117762
1986	7.117521
1987	7.117906
1988	7.118141
1989	7.118430
1990	7.118762
1991	7.118998
1992	7.119409
1993	7.119821
1994	7.120217
1995	7.120562
1996	7.121030
1997	7.121285
1998	7.121882
1999	7.122419
2000	7.122267
2001	7.122742
2002	7.123426
2003	7.123654
2004	7.123849
2005	7.124354
2006	7.124555
2007	7.124955
2008	7.125668
2009	7.125802
2010	7.125836
2011	7.126247
2012	7.126725
2013	7.126863
2014	7.127464
2015	7.127592
2016	7.127660
2017	7.128159
2018	7.128435
2019	7.129149
2020	7.129576
2021	7.129798
2022	7.130166
2023	7.130437
2024	7.130890
2025	7.131085
2026	7.131289
2027	7.131648
2028	7.132135
2029	7.132533
2030	7.132826
2031	7.133060
2032	7.133553
2033	7.133569
2034	7.134040
2035	7.134462
2036	7.134538
2037	7.135079
2038	7.135505
2039	7.135687
2040	7.135984
2041	7.136684
2042	7.136843
2043	7.137275
2044	7.137276
2045	7.137637
2046	7.137877
2047	7.138480
2048	7.138796
2049	7.139193
2050	7.139327
2051	7.139673
2052	7.140007
2053	7.140117
2054	7.140766
2055	7.140853
2056	7.141359
2057	7.141794
2058	7.141942
2059	7.142401
2060	7.142603
2061	7.142963
2062	7.143599
2063	7.143626
2064	7.144476
2065	7.144502
2066	7.144758
2067	7.145174
2068	7.145599
2069	7.145506
2070	7.145830
2071	7.146097
2072	7.146713
2073	7.147092
2074	7.147223
2075	7.147423
2076	7.147888
2077	7.148362
2078	7.148828
2079	7.149423
2080	7.149651
2081	7.149840
2082	7.150167
2083	7.150551
2084	7.150877
2085	7.151081
2086	7.151202
2087	7.151555
2088	7.151609
2089	7.152207
2090	7.152367
2091	7.152706
2092	7.152771
2093	7.153231
2094	7.153313
2095	7.154049
2096	7.154163
2097	7.154596
2098	7.154805
2099	7.155091
2100	7.155267
2101	7.155359
2102	7.155844
2103	7.156259
2104	7.156428
2105	7.157070
2106	7.157097
2107	7.157754
2108	7.157947
2109	7.158362
2110	7.158506
2111	7.158903
2112	7.159188
2113	7.159440
2114	7.159758
2115	7.159926
2116	7.160272
2117	7.160616
2118	7.160942
2119	7.161120
2120	7.161526
2121	7.161773
2122	7.162077
2123	7.162345
2124	7.162914
2125	7.163243
2126	7.163740
2127	7.164167
2128	7.164209
2129	7.164755
2130	7.164715
2131	7.165065
2132	7.165156
2133	7.165759
2134	7.165765
2135	7.166010
2136	7.166256
2137	7.166704
2138	7.167072
2139	7.167284
2140	7.167629
2141	7.167877
2142	7.168531
2143	7.168726
2144	7.169339
2145	7.169711
2146	7.169761
2147	7.170018
2148	7.170262
2149	7.170536
2150	7.171215
2151	7.171174
2152	7.171537
2153	7.171619
2154	7.172194
2155	7.172241
2156	7.172489
2157	7.172909
2158	7.173564
2159	7.173601
2160	7.173808
2161	7.174159
2162	7.174406
2163	7.174858
2164	7.175190
2165	7.175413
2166	7.175806
2167	7.175754
2168	7.175862
2169	7.176456
2170	7.176845
2171	7.177045
2172	7.176953
2173	7.177643
2174	7.177893
2175	7.178116
2176	7.178585
2177	7.178762
2178	7.179339
2179	7.179849
2180	7.179738
2181	7.180066
2182	7.180231
2183	7.180163
2184	7.180634
2185	7.180802
2186	7.180891
2187	7.181436
2188	7.181748
2189	7.182287
2190	7.182442
2191	7.182448
2192	7.183146
2193	7.183118
2194	7.183645
2195	7.183931
2196	7.184402
2197	7.184615
2198	7.184899
2199	7.185137
2200	7.185465
2201	7.185796
2202	7.186034
2203	7.186605
2204	7.186728
2205	7.186887
2206	7.187261
2207	7.187169
2208	7.187729
2209	7.188240
2210	7.188187
2211	7.188531
2212	7.188873
2213	7.188903
2214	7.189334
2215	7.189725
2216	7.189944
2217	7.190332
2218	7.190761
2219	7.190825
2220	7.191058
2221	7.191368
2222	7.191808
2223	7.192129
2224	7.192016
2225	7.192774
2226	7.192599
2227	7.193193
2228	7.193475
2229	7.193715
2230	7.194168
2231	7.194350
2232	7.194527
2233	7.194762
2234	7.195171
2235	7.194978
2236	7.195251
2237	7.195778
2238	7.196057
2239	7.196237
2240	7.196645
2241	7.196906
2242	7.197535
2243	7.197710
2244	7.197918
2245	7.198246
2246	7.198564
2247	7.198764
2248	7.198938
2249	7.199394
2250	7.199493
2251	7.199851
2252	7.200083
2253	7.200365
2254	7.200589
2255	7.200795
2256	7.200869
2257	7.201885
2258	7.202002
2259	7.202313
2260	7.202383
2261	7.202901
2262	7.202880
2263	7.203429
2264	7.203672
2265	7.204030
2266	7.204190
2267	7.204365
2268	7.204704
2269	7.205218
2270	7.205345
2271	7.205655
2272	7.205927
2273	7.206158
2274	7.206348
2275	7.206666
2276	7.206790
2277	7.206981
2278	7.207437
2279	7.207831
2280	7.208002
2281	7.208367
2282	7.208210
2283	7.208667
2284	7.209172
2285	7.209386
2286	7.209587
2287	7.209777
2288	7.209781
2289	7.210199
2290	7.210799
2291	7.210993
2292	7.210978
2293	7.211503
2294	7.211662
2295	7.212253
2296	7.212415
2297	7.212534
2298	7.213083
2299	7.213212
2300	7.213713
2301	7.214163
2302	7.214411
2303	7.214297
2304	7.214545
2305	7.215109
2306	7.215360
2307	7.215652
2308	7.215913
2309	7.216021
2310	7.216166
2311	7.216490
2312	7.216548
2313	7.216845
2314	7.217477
2315	7.217765
2316	7.218132
2317	7.218525
2318	7.218691
2319	7.218878
2320	7.219101
2321	7.219570
2322	7.219692
2323	7.220485
2324	7.220740
2325	7.220624
2326	7.221217
2327	7.221345
2328	7.221550
2329	7.222040
2330	7.222030
2331	7.222573
2332	7.222807
2333	7.222952
2334	7.223206
2335	7.223524
2336	7.223756
2337	7.224326
2338	7.224705
2339	7.224879
2340	7.225050
2341	7.225212
2342	7.225445
2343	7.225766
2344	7.226197
2345	7.226165
2346	7.226566
2347	7.226867
2348	7.226938
2349	7.227302
2350	7.227429
2351	7.227617
2352	7.227765
2353	7.228080
2354	7.228381
2355	7.228687
2356	7.229044
2357	7.229275
2358	7.229648
2359	7.229859
2360	7.230133
2361	7.230411
2362	7.230695
2363	7.230981
2364	7.231175
2365	7.231746
2366	7.231634
2367	7.232198
2368	7.232466
2369	7.232521
2370	7.233024
2371	7.232852
2372	7.233574
2373	7.233797
2374	7.234388
2375	7.234395
2376	7.234680
2377	7.234963
2378	7.235502
2379	7.235842
2380	7.236061
2381	7.236032
2382	7.236358
2383	7.236464
2384	7.236852
2385	7.237151
2386	7.237423
2387	7.237865
2388	7.237929
2389	7.238291
2390	7.238535
2391	7.238620
2392	7.239098
2393	7.239116
2394	7.239338
2395	7.239724
2396	7.239898
2397	7.240185
2398	7.240236
2399	7.240684
2400	7.240779
2401	7.240893
2402	7.241482
2403	7.241349
2404	7.241813
2405	7.242238
2406	7.242706
2407	7.243018
2408	7.242912
2409	7.243699
2410	7.243978
2411	7.243920
2412	7.244281
2413	7.244108
2414	7.244531
2415	7.245255
2416	7.245353
2417	7.245437
2418	7.245947
2419	7.246045
2420	7.246448
2421	7.246323
2422	7.246730
2423	7.247177
2424	7.247563
2425	7.247680
2426	7.247994
2427	7.248309
2428	7.248762
2429	7.248609
2430	7.249115
2431	7.249429
2432	7.249662
2433	7.249629
2434	7.250264
2435	7.250325
2436	7.250814
2437	7.251005
2438	7.251424
2439	7.251530
2440	7.251733
2441	7.252060
2442	7.252053
2443	7.252348
2444	7.252619
2445	7.252966
2446	7.253357
2447	7.253189
2448	7.253444
2449	7.254036
2450	7.254253
2451	7.254066
2452	7.254574
2453	7.254511
2454	7.254891
2455	7.255320
2456	7.255244
2457	7.255878
2458	7.256378
2459	7.256215
2460	7.256723
2461	7.256765
2462	7.257137
2463	7.257278
2464	7.257498
2465	7.257902
2466	7.258338
2467	7.258401
2468	7.258642
2469	7.258733
2470	7.259153
2471	7.259117
2472	7.259400
2473	7.259651
2474	7.260143
2475	7.260471
2476	7.260835
2477	7.261071
2478	7.261488
2479	7.261708
2480	7.261722
2481	7.261689
2482	7.261869
2483	7.261988
2484	7.262408
2485	7.262468
2486	7.263043
2487	7.262985
2488	7.263213
2489	7.263431
2490	7.264005
2491	7.264183
2492	7.264301
2493	7.264805
2494	7.264965
2495	7.265098
2496	7.265430
2497	7.265390
2498	7.265875
2499	7.265872
2500	7.266220
2501	7.266282
2502	7.266994
2503	7.267425
2504	7.267400
2505	7.267678
2506	7.268207
2507	7.268263
2508	7.268378
2509	7.268500
2510	7.268845
2511	7.269259
2512	7.269485
2513	7.269625
2514	7.270242
2515	7.270378
2516	7.270433
2517	7.270472
2518	7.270863
2519	7.270950
2520	7.271578
2521	7.271618
2522	7.271985
2523	7.272391
2524	7.272508
2525	7.272598
2526	7.273155
2527	7.273367
2528	7.273712
2529	7.273909
2530	7.274219
2531	7.274112
2532	7.274364
2533	7.274765
2534	7.275099
2535	7.275476
2536	7.275665
2537	7.275884
2538	7.276048
2539	7.276325
2540	7.276339
2541	7.276703
2542	7.277197
2543	7.277258
2544	7.277631
2545	7.277728
2546	7.278058
2547	7.278290
2548	7.278208
2549	7.278599
2550	7.278821
2551	7.279183
2552	7.279196
2553	7.279570
2554	7.279589
2555	7.279683
2556	7.279946
2557	7.280263
2558	7.280844
2559	7.280805
2560	7.281085
2561	7.281434
2562	7.281395
2563	7.281777
2564	7.282089
2565	7.282516
2566	7.282705
2567	7.282982
2568	7.283199
2569	7.283462
2570	7.283360
2571	7.283710
2572	7.283903
2573	7.284116
2574	7.284456
2575	7.284559
2576	7.284914
2577	7.285372
2578	7.285614
2579	7.285655
2580	7.286237
2581	7.286183
2582	7.286580
2583	7.286878
2584	7.286904
2585	7.286814
2586	7.287378
2587	7.287707
2588	7.288032
2589	7.288234
2590	7.288511
2591	7.288819
2592	7.289139
2593	7.289394
2594	7.289434
2595	7.289627
2596	7.289626
2597	7.290236
2598	7.289980
2599	7.290544
2600	7.290995
2601	7.291087
2602	7.291158
2603	7.291302
2604	7.291637
2605	7.292053
2606	7.292280
2607	7.292667
2608	7.292502
2609	7.292833
2610	7.293254
2611	7.293389
2612	7.293493
2613	7.293494
2614	7.293960
2615	7.294146
2616	7.294544
2617	7.294314
2618	7.294827
2619	7.295232
2620	7.295681
2621	7.295612
2622	7.295740
2623	7.296029
2624	7.296359
2625	7.296468
2626	7.296551
2627	7.296609
2628	7.296948
2629	7.297321
2630	7.297562
2631	7.297814
2632	7.297895
2633	7.298036
2634	7.297888
2635	7.298562
2636	7.298536
2637	7.298938
2638	7.299333
2639	7.299482
2640	7.299855
2641	7.299946
2642	7.300306
2643	7.300324
2644	7.300566
2645	7.301144
2646	7.301236
2647	7.301218
2648	7.301645
2649	7.301614
2650	7.302079
2651	7.302340
2652	7.302455
2653	7.302961
2654	7.303296
2655	7.303301
2656	7.303521
2657	7.303835
2658	7.303778
2659	7.304027
2660	7.304196
2661	7.304489
2662	7.304746
2663	7.305255
2664	7.305579
2665	7.305555
2666	7.305687
2667	7.306081
2668	7.306235
2669	7.306325
2670	7.306736
2671	7.306910
2672	7.307068
2673	7.307549
2674	7.307635
2675	7.307919
2676	7.307524
2677	7.307865
2678	7.308250
2679	7.308352
2680	7.308486
2681	7.308891
2682	7.308748
2683	7.309328
2684	7.309776
2685	7.309756
2686	7.310265
2687	7.310415
2688	7.310812
2689	7.311089
2690	7.311212
2691	7.311284
2692	7.311552
2693	7.311688
2694	7.311969
2695	7.312147
2696	7.312569
2697	7.312383
2698	7.312968
2699	7.313134
2700	7.313220
2701	7.313252
2702	7.313591
2703	7.313753
2704	7.313887
2705	7.314288
2706	7.314727
2707	7.314963
2708	7.315165
2709	7.315169
2710	7.315761
2711	7.316115
2712	7.316298
2713	7.316526
2714	7.316760
2715	7.316672
2716	7.317036
2717	7.317087
2718	7.317245
2719	7.317404
2720	7.317818
2721	7.318054
2722	7.318394
2723	7.318394
2724	7.318519
2725	7.318921
2726	7.318840
2727	7.319089
2728	7.319429
2729	7.319876
2730	7.319809
2731	7.320007
2732	7.320390
2733	7.320610
2734	7.320874
2735	7.321034
2736	7.321260
2737	7.321649
2738	7.321818
2739	7.321902
2740	7.322090
2741	7.322642
2742	7.323042
2743	7.323210
2744	7.323373
2745	7.323621
2746	7.323755
2747	7.323833
2748	7.324106
2749	7.324419
2750	7.324379
2751	7.324374
2752	7.325097
2753	7.325100
2754	7.325160
2755	7.325474
2756	7.325815
2757	7.325999
2758	7.326236
2759	7.326368
2760	7.326373
2761	7.326719
2762	7.327019
2763	7.327187
2764	7.327261
2765	7.327716
2766	7.327675
2767	7.327947
2768	7.328299
2769	7.328631
2770	7.328883
2771	7.329068
2772	7.329202
2773	7.329456
2774	7.329735
2775	7.329967
2776	7.329689
2777	7.329904
2778	7.330024
2779	7.330263
2780	7.330487
2781	7.330721
2782	7.330600
2783	7.331149
2784	7.331277
2785	7.331335
2786	7.331831
2787	7.331965
2788	7.332161
2789	7.332216
2790	7.332660
2791	7.332846
2792	7.332947
2793	7.333116
2794	7.333606
2795	7.333377
2796	7.333949
2797	7.334121
2798	7.334044
2799	7.334244
2800	7.334769
2801	7.334881
2802	7.335144
2803	7.335229
2804	7.335429
2805	7.335577
2806	7.335843
2807	7.335807
2808	7.336304
2809	7.336517
2810	7.336666
2811	7.336516
2812	7.336753
2813	7.337268
2814	7.337684
2815	7.337482
2816	7.338037
2817	7.338358
2818	7.338427
2819	7.338684
2820	7.338819
2821	7.338943
2822	7.339088
2823	7.339446
2824	7.339685
2825	7.339834
2826	7.340000
2827	7.340580
2828	7.340658
2829	7.340773
2830	7.340791
2831	7.341329
2832	7.341486
2833	7.341262
2834	7.341773
2835	7.341946
2836	7.341955
2837	7.342613
2838	7.342557
2839	7.342707
2840	7.342745
2841	7.342943
2842	7.343426
2843	7.343835
2844	7.343931
2845	7.344147
2846	7.344136
2847	7.344294
2848	7.344594
2849	7.344751
2850	7.344997
2851	7.344975
2852	7.345485
2853	7.345800
2854	7.345630
2855	7.346071
2856	7.345955
2857	7.346244
2858	7.346562
2859	7.346965
2860	7.346870
2861	7.347416
2862	7.347575
2863	7.347747
2864	7.347953
2865	7.347675
2866	7.348448
2867	7.348449
2868	7.348661
2869	7.348871
2870	7.349110
2871	7.349322
2872	7.349278
2873	7.349526
2874	7.349941
2875	7.350046
2876	7.350266
2877	7.350420
2878	7.350595
2879	7.350821
2880	7.351125
2881	7.351223
2882	7.351267
2883	7.351401
2884	7.351464
2885	7.351802
2886	7.352095
2887	7.352404
2888	7.352505
2889	7.352730
2890	7.352836
2891	7.353222
2892	7.353378
2893	7.353271
2894	7.353354
2895	7.353861
2896	7.354297
2897	7.354310
2898	7.354516
2899	7.354474
2900	7.354732
2901	7.355007
2902	7.355204
2903	7.355307
2904	7.355503
2905	7.355893
2906	7.355944
2907	7.356144
2908	7.356172
2909	7.356464
2910	7.356567
2911	7.356770
2912	7.357177
2913	7.357273
2914	7.357721
2915	7.357681
2916	7.358039
2917	7.358196
2918	7.358487
2919	7.358631
2920	7.358780
2921	7.358681
2922	7.359154
2923	7.359174
2924	7.359598
2925	7.359666
2926	7.359826
2927	7.360077
2928	7.360051
2929	7.360475
2930	7.360397
2931	7.360805
2932	7.360823
2933	7.361171
2934	7.361338
2935	7.361714
2936	7.361955
2937	7.361937
2938	7.362041
2939	7.362841
2940	7.362613
2941	7.362912
2942	7.363039
2943	7.363276
2944	7.363608
2945	7.363597
2946	7.364095
2947	7.364047
2948	7.364232
2949	7.364400
2950	7.364577
2951	7.364824
2952	7.364891
2953	7.365137
2954	7.365338
2955	7.365639
2956	7.365787
2957	7.366161
2958	7.366176
2959	7.366155
2960	7.366067
2961	7.366532
2962	7.366983
2963	7.367069
2964	7.367547
2965	7.367482
2966	7.367855
2967	7.367894
2968	7.367983
2969	7.368272
2970	7.368563
2971	7.368820
2972	7.368989
2973	7.369242
2974	7.369455
2975	7.369779
2976	7.369938
2977	7.370185
2978	7.370371
2979	7.370514
2980	7.370736
2981	7.370853
2982	7.371235
2983	7.371329
2984	7.371429
2985	7.371780
2986	7.372025
2987	7.372083
2988	7.372496
2989	7.372696
2990	7.372887
2991	7.372963
2992	7.373263
2993	7.373467
2994	7.373639
2995	7.373931
2996	7.374042
2997	7.374364
2998	7.374450
2999	7.374718
3000	7.374646
3001	7.375209
3002	7.375468
3003	7.375247
3004	7.375330
3005	7.375748
3006	7.376112
3007	7.376334
3008	7.376475
3009	7.376556
3010	7.377042
3011	7.376940
3012	7.377347
3013	7.377343
3014	7.377725
3015	7.378005
3016	7.377949
3017	7.377975
3018	7.378167
3019	7.378297
3020	7.378612
3021	7.378705
3022	7.378837
3023	7.379302
3024	7.379479
3025	7.379715
3026	7.379778
3027	7.379966
3028	7.380282
3029	7.380826
3030	7.380759
3031	7.381052
3032	7.380981
3033	7.381286
3034	7.381469
3035	7.381865
3036	7.381918
3037	7.382231
3038	7.382274
3039	7.382614
3040	7.382920
3041	7.382949
3042	7.382940
3043	7.383439
3044	7.383644
3045	7.383786
3046	7.383661
3047	7.384061
3048	7.384286
3049	7.384427
3050	7.384560
3051	7.384489
3052	7.384712
3053	7.385192
3054	7.385479
3055	7.385385
3056	7.385540
3057	7.385795
3058	7.385880
3059	7.386196
3060	7.386391
3061	7.386841
3062	7.386778
3063	7.387143
3064	7.387117
3065	7.387477
3066	7.387373
3067	7.387807
3068	7.387931
3069	7.387921
3070	7.388100
3071	7.388244
3072	7.388555
3073	7.388678
3074	7.388905
3075	7.389184
3076	7.389435
3077	7.389580
3078	7.389473
3079	7.389429
3080	7.389607
3081	7.390125
3082	7.390344
3083	7.390513
3084	7.390546
3085	7.390634
3086	7.390812
3087	7.390837
3088	7.391052
3089	7.391477
3090	7.391551
3091	7.391818
3092	7.391844
3093	7.392319
3094	7.392393
3095	7.392502
3096	7.392911
3097	7.393071
3098	7.393034
3099	7.393381
3100	7.393534
3101	7.393676
3102	7.393972
3103	7.394168
3104	7.394151
3105	7.394293
3106	7.394631
3107	7.394999
3108	7.394943
3109	7.395067
3110	7.395270
3111	7.395340
3112	7.395401
3113	7.395690
3114	7.395937
3115	7.396311
3116	7.396297
3117	7.396478
3118	7.396618
3119	7.396574
3120	7.396932
3121	7.397073
3122	7.397376
3123	7.397606
3124	7.397685
3125	7.397876
3126	7.397993
3127	7.398101
3128	7.398426
3129	7.398823
3130	7.398889
3131	7.399067
3132	7.399187
3133	7.399272
3134	7.399707
3135	7.399604
3136	7.399818
3137	7.400321
3138	7.400207
3139	7.400800
3140	7.400929
3141	7.401009
3142	7.400970
3143	7.401086
3144	7.401265
3145	7.401558
3146	7.401914
3147	7.402088
3148	7.402221
3149	7.402422
3150	7.402466
3151	7.402383
3152	7.402500
3153	7.402908
3154	7.403217
3155	7.403354
3156	7.403220
3157	7.403514
3158	7.403920
3159	7.403962
3160	7.404095
3161	7.404390
3162	7.404672
3163	7.404551
3164	7.404831
3165	7.405084
3166	7.405278
3167	7.405296
3168	7.405553
3169	7.405878
3170	7.405876
3171	7.406139
3172	7.406181
3173	7.406523
3174	7.406537
3175	7.407034
3176	7.407371
3177	7.407443
3178	7.407466
3179	7.407731
3180	7.408051
3181	7.408287
3182	7.408385
3183	7.408353
3184	7.408621
3185	7.408784
3186	7.409117
3187	7.409376
3188	7.409561
3189	7.409682
3190	7.409801
3191	7.409871
3192	7.409786
3193	7.410071
3194	7.410086
3195	7.410379
3196	7.410502
3197	7.410735
3198	7.411026
3199	7.410919
3200	7.411097
3201	7.411467
3202	7.411708
3203	7.411835
3204	7.411986
3205	7.412324
3206	7.412444
3207	7.412480
3208	7.412480
3209	7.412637
3210	7.412649
3211	7.412953
3212	7.413112
3213	7.413087
3214	7.413239
3215	7.413722
3216	7.413944
3217	7.414057
3218	7.413910
3219	7.414164
3220	7.414474
3221	7.414869
3222	7.415033
3223	7.414844
3224	7.414936
3225	7.415082
3226	7.415377
3227	7.415646
3228	7.415780
3229	7.415780
3230	7.416311
3231	7.416269
3232	7.416632
3233	7.416694
3234	7.417180
3235	7.417030
3236	7.417112
3237	7.417388
3238	7.417651
3239	7.417689
3240	7.418130
3241	7.418268
3242	7.418267
3243	7.418712
3244	7.418797
3245	7.419119
3246	7.419011
3247	7.419423
3248	7.419543
3249	7.419932
3250	7.419931
3251	7.419903
3252	7.420027
3253	7.420358
3254	7.420310
3255	7.420715
3256	7.420954
3257	7.421353
3258	7.421579
3259	7.421311
3260	7.421558
3261	7.421790
3262	7.422013
3263	7.422112
3264	7.422378
3265	7.422440
3266	7.422697
3267	7.422795
3268	7.423235
3269	7.423155
3270	7.423309
3271	7.423653
3272	7.423987
3273	7.423954
3274	7.424570
3275	7.424403
3276	7.424699
3277	7.424588
3278	7.425096
3279	7.424963
3280	7.425147
3281	7.425061
3282	7.425134
3283	7.425670
3284	7.425756
3285	7.425886
3286	7.426059
3287	7.426100
3288	7.426318
3289	7.426634
3290	7.426606
3291	7.426575
3292	7.427075
3293	7.427210
3294	7.427156
3295	7.427420
3296	7.427619
3297	7.427680
3298	7.428170
3299	7.428255
3300	7.428386
3301	7.428919
3302	7.428891
3303	7.429002
3304	7.429124
3305	7.429205
3306	7.429688
3307	7.429646
3308	7.430132
3309	7.430166
3310	7.430116
3311	7.430379
3312	7.430567
3313	7.430854
3314	7.430791
3315	7.431139
3316	7.431025
3317	7.431314
3318	7.431342
3319	7.431536
3320	7.431635
3321	7.431795
3322	7.432151
3323	7.431966
3324	7.432443
3325	7.432485
3326	7.432613
3327	7.432913
3328	7.432962
3329	7.433257
3330	7.433533
3331	7.433589
3332	7.433724
3333	7.433854
3334	7.434063
3335	7.434295
3336	7.434175
3337	7.434249
3338	7.434627
3339	7.434949
3340	7.435076
3341	7.434953
3342	7.435400
3343	7.435364
3344	7.435773
3345	7.435763
3346	7.435661
3347	7.435939
3348	7.436132
3349	7.436476
3350	7.436498
3351	7.436905
3352	7.436936
3353	7.437287
3354	7.437595
3355	7.437464
3356	7.437648
3357	7.437808
3358	7.437788
3359	7.438341
3360	7.438392
3361	7.438628
3362	7.438747
3363	7.438778
3364	7.438920
3365	7.439198
3366	7.439392
3367	7.439516
3368	7.439748
3369	7.439983
3370	7.440030
3371	7.440449
3372	7.440653
3373	7.440811
3374	7.440856
3375	7.441053
3376	7.441468
3377	7.441549
3378	7.441805
3379	7.442050
3380	7.442341
3381	7.442523
3382	7.442786
3383	7.442575
3384	7.442751
3385	7.442879
3386	7.443076
3387	7.443158
3388	7.443144
3389	7.443255
3390	7.443429
3391	7.443619
3392	7.443610
3393	7.444008
3394	7.444116
3395	7.444467
3396	7.444410
3397	7.444577
3398	7.444698
3399	7.445055
3400	7.445263
3401	7.445334
3402	7.445442
3403	7.445516
3404	7.445630
3405	7.445739
3406	7.445844
3407	7.446021
3408	7.446337
3409	7.446620
3410	7.446807
3411	7.446854
3412	7.446907
3413	7.447068
3414	7.447223
3415	7.447459
3416	7.447584
3417	7.447732
3418	7.447566
3419	7.447952
3420	7.448227
3421	7.448188
3422	7.448243
3423	7.448620
3424	7.448838
3425	7.448952
3426	7.449219
3427	7.449447
3428	7.449551
3429	7.449113
3430	7.449378
3431	7.450045
3432	7.449893
3433	7.450278
3434	7.450489
3435	7.450566
3436	7.450531
3437	7.450930
3438	7.450927
3439	7.451208
3440	7.451241
3441	7.451396
3442	7.451476
3443	7.451482
3444	7.451595
3445	7.451959
3446	7.452179
3447	7.452314
3448	7.452559
3449	7.452794
3450	7.452804
3451	7.453165
3452	7.453275
3453	7.453321
3454	7.453523
3455	7.453673
3456	7.453879
3457	7.454084
3458	7.454276
3459	7.454157
3460	7.454560
3461	7.454325
3462	7.454646
3463	7.454789
3464	7.454702
3465	7.454958
3466	7.455068
3467	7.455283
3468	7.455375
3469	7.455424
3470	7.455993
3471	7.456206
3472	7.456114
3473	7.456386
3474	7.456314
3475	7.456792
3476	7.456680
3477	7.456737
3478	7.456854
3479	7.457078
3480	7.457322
3481	7.457579
3482	7.457555
3483	7.457655
3484	7.457963
3485	7.458130
3486	7.458218
3487	7.458552
3488	7.458585
3489	7.458907
3490	7.459055
3491	7.459308
3492	7.459251
3493	7.459499
3494	7.459492
3495	7.459528
3496	7.459695
3497	7.459938
3498	7.459786
3499	7.460425
3500	7.460237
3501	7.460298
3502	7.460744
3503	7.460687
3504	7.461009
3505	7.461109
3506	7.461338
3507	7.461453
3508	7.461524
3509	7.461798
3510	7.461703
3511	7.462010
3512	7.461986
3513	7.462329
3514	7.462512
3515	7.462883
3516	7.463098
3517	7.463309
3518	7.463368
3519	7.463444
3520	7.463736
3521	7.463949
3522	7.463955
3523	7.463918
3524	7.464373
3525	7.464379
3526	7.464290
3527	7.464602
3528	7.465123
3529	7.465048
3530	7.465345
3531	7.465334
3532	7.465461
3533	7.465534
3534	7.465774
3535	7.465909
3536	7.466352
3537	7.466262
3538	7.466327
3539	7.466440
3540	7.466474
3541	7.466867
3542	7.466936
3543	7.467026
3544	7.466953
3545	7.467230
3546	7.467329
3547	7.467593
3548	7.467651
3549	7.467633
3550	7.467734
3551	7.467820
3552	7.468172
3553	7.468226
3554	7.468629
3555	7.468526
3556	7.468935
3557	7.469101
3558	7.469350
3559	7.469353
3560	7.469410
3561	7.469805
3562	7.469457
3563	7.470106
3564	7.470278
3565	7.470378
3566	7.470542
3567	7.470407
3568	7.470441
3569	7.470763
3570	7.470745
3571	7.471018
3572	7.471225
3573	7.471286
3574	7.471740
3575	7.471470
3576	7.471587
3577	7.471655
3578	7.471838
3579	7.472111
3580	7.472369
3581	7.472540
3582	7.472197
3583	7.472761
3584	7.472947
3585	7.473013
3586	7.472999
3587	7.473184
3588	7.473475
3589	7.473645
3590	7.473567
3591	7.473903
3592	7.473909
3593	7.473820
3594	7.474049
3595	7.474569
3596	7.474871
3597	7.474952
3598	7.474974
3599	7.475037
3600	7.475095
3601	7.475223
3602	7.475422
3603	7.475684
3604	7.475383
3605	7.475840
3606	7.476056
3607	7.476210
3608	7.476397
3609	7.476485
3610	7.476559
3611	7.476821
3612	7.477184
3613	7.476936
3614	7.477371
3615	7.477396
3616	7.477576
3617	7.477567
3618	7.477571
3619	7.477735
3620	7.477888
3621	7.478305
3622	7.478354
3623	7.478457
3624	7.478346
3625	7.478384
3626	7.478659
3627	7.478979
3628	7.478903
3629	7.479176
3630	7.479374
3631	7.479496
3632	7.479472
3633	7.479529
3634	7.479659
3635	7.479574
3636	7.479892
3637	7.480171
3638	7.480508
3639	7.480421
3640	7.480468
3641	7.480725
3642	7.480746
3643	7.480914
3644	7.481022
3645	7.481349
3646	7.481460
3647	7.481662
3648	7.482006
3649	7.481835
3650	7.482172
3651	7.482205
3652	7.482320
3653	7.482610
3654	7.482682
3655	7.482949
3656	7.483070
3657	7.483067
3658	7.483140
3659	7.483451
3660	7.483216
3661	7.483369
3662	7.483899
3663	7.484074
3664	7.484145
3665	7.484095
3666	7.484422
3667	7.484174
3668	7.484622
3669	7.484434
3670	7.484771
3671	7.484834
3672	7.485064
3673	7.485201
3674	7.485330
3675	7.485518
3676	7.485415
3677	7.485339
3678	7.485552
3679	7.485750
3680	7.485883
3681	7.486009
3682	7.486306
3683	7.486356
3684	7.486456
3685	7.486593
3686	7.487044
3687	7.487269
3688	7.486974
3689	7.487094
3690	7.487016
3691	7.487345
3692	7.487730
3693	7.487959
3694	7.487968
3695	7.488173
3696	7.488070
3697	7.488278
3698	7.488325
3699	7.488768
3700	7.488591
3701	7.488697
3702	7.489085
3703	7.488949
3704	7.489136
3705	7.489222
3706	7.489420
3707	7.489194
3708	7.489589
3709	7.489780
3710	7.489690
3711	7.490068
3712	7.490240
3713	7.490411
3714	7.490563
3715	7.490666
3716	7.490892
3717	7.491130
3718	7.490954
3719	7.491297
3720	7.491490
3721	7.491248
3722	7.491604
3723	7.491721
3724	7.491711
3725	7.491861
3726	7.492134
3727	7.492370
3728	7.492388
3729	7.492609
3730	7.492493
3731	7.492898
3732	7.493011
3733	7.493174
3734	7.493360
3735	7.493410
3736	7.493673
3737	7.493616
3738	7.493530
3739	7.494025
3740	7.494029
3741	7.494297
3742	7.494577
3743	7.494662
3744	7.494681
3745	7.494798
3746	7.494701
3747	7.495179
3748	7.495098
3749	7.495180
3750	7.495222
3751	7.495398
3752	7.495468
3753	7.495634
3754	7.495557
3755	7.495956
3756	7.496119
3757	7.496217
3758	7.496463
3759	7.496296
3760	7.496571
3761	7.496918
3762	7.497095
3763	7.497436
3764	7.497271
3765	7.497418
3766	7.497534
3767	7.497742
3768	7.497931
3769	7.498058
3770	7.498042
3771	7.498099
3772	7.498123
3773	7.498148
3774	7.498266
3775	7.498738
3776	7.498797
3777	7.498942
3778	7.499104
3779	7.498866
3780	7.499386
3781	7.499690
3782	7.499508
3783	7.499727
3784	7.499714
3785	7.500153
3786	7.500368
3787	7.500267
3788	7.500316
3789	7.500386
3790	7.500420
3791	7.500861
3792	7.500858
3793	7.501093
3794	7.501180
3795	7.501441
3796	7.501480
3797	7.501492
3798	7.501774
3799	7.501659
3800	7.501966
3801	7.501842
3802	7.502211
3803	7.502460
3804	7.502495
3805	7.502479
3806	7.502732
3807	7.502923
3808	7.502950
3809	7.502952
3810	7.503208
3811	7.503351
3812	7.503672
3813	7.503558
3814	7.503640
3815	7.503713
3816	7.504108
3817	7.503949
3818	7.504074
3819	7.504027
3820	7.504419
3821	7.504403
3822	7.504235
3823	7.504912
3824	7.504935
3825	7.505125
3826	7.505253
3827	7.505362
3828	7.505489
3829	7.505401
3830	7.505844
3831	7.505607
3832	7.505824
3833	7.506097
3834	7.505924
3835	7.506274
3836	7.506394
3837	7.506562
3838	7.506449
3839	7.506850
3840	7.506850
3841	7.507178
3842	7.507166
3843	7.507185
3844	7.507465
3845	7.507814
3846	7.507743
3847	7.508259
3848	7.508272
3849	7.508281
3850	7.508336
3851	7.508409
3852	7.508506
3853	7.508534
3854	7.508752
3855	7.508828
3856	7.509148
3857	7.509333
3858	7.509127
3859	7.509285
3860	7.509276
3861	7.509414
3862	7.509780
3863	7.509865
3864	7.510023
3865	7.510030
3866	7.510357
3867	7.510461
3868	7.510391
3869	7.510701
3870	7.510639
3871	7.511051
3872	7.511393
3873	7.511363
3874	7.511520
3875	7.511521
3876	7.511429
3877	7.511702
3878	7.511859
3879	7.511759
3880	7.512148
3881	7.512288
3882	7.512308
3883	7.512640
3884	7.512602
3885	7.512613
3886	7.512885
3887	7.512941
3888	7.513058
3889	7.513053
3890	7.513226
3891	7.513532
3892	7.513734
3893	7.513470
3894	7.513891
3895	7.513860
3896	7.513946
3897	7.514026
3898	7.514308
3899	7.514501
3900	7.514952
3901	7.514798
3902	7.514694
3903	7.515039
3904	7.515007
3905	7.515334
3906	7.515217
3907	7.515589
3908	7.515721
3909	7.515569
3910	7.515823
3911	7.515884
3912	7.516107
3913	7.516118
3914	7.516283
3915	7.516586
3916	7.516457
3917	7.516811
3918	7.517028
3919	7.517269
3920	7.517143
3921	7.517039
3922	7.517358
3923	7.517653
3924	7.517783
3925	7.517966
3926	7.517876
3927	7.518267
3928	7.518152
3929	7.518587
3930	7.518694
3931	7.518746
3932	7.518867
3933	7.519004
3934	7.518951
3935	7.519501
3936	7.519577
3937	7.519486
3938	7.519847
3939	7.519836
3940	7.519905
3941	7.520009
3942	7.520103
3943	7.519965
3944	7.520471
3945	7.520439
3946	7.520542
3947	7.520797
3948	7.520859
3949	7.521124
3950	7.521035
3951	7.521277
3952	7.521294
3953	7.521791
3954	7.521507
3955	7.521713
3956	7.521874
3957	7.522076
3958	7.522241
3959	7.522269
3960	7.522476
3961	7.522314
3962	7.522643
3963	7.523183
3964	7.523015
3965	7.522933
3966	7.523325
3967	7.523436
3968	7.523308
3969	7.523644
3970	7.523780
3971	7.523713
3972	7.523767
3973	7.523922
3974	7.523706
3975	7.524332
3976	7.524366
3977	7.524811
3978	7.524833
3979	7.524786
3980	7.524969
3981	7.525165
3982	7.525145
3983	7.525281
3984	7.525597
3985	7.525745
3986	7.525806
3987	7.525748
3988	7.525797
3989	7.525937
3990	7.526065
3991	7.526212
3992	7.526079
3993	7.526388
3994	7.526673
3995	7.526648
3996	7.526855
3997	7.526640
3998	7.526962
3999	7.527334
4000	7.527526
4001	7.527318
4002	7.527579
4003	7.527545
4004	7.527489
4005	7.527781
4006	7.527763
4007	7.527847
4008	7.527939
4009	7.528074
4010	7.528295
4011	7.528046
4012	7.528138
4013	7.528384
4014	7.528614
4015	7.528491
4016	7.528855
4017	7.529080
4018	7.528884
4019	7.529165
4020	7.529435
4021	7.529562
4022	7.529685
4023	7.530047
4024	7.530235
4025	7.530306
4026	7.530195
4027	7.530373
4028	7.530311
4029	7.530299
4030	7.530317
4031	7.530460
4032	7.530482
4033	7.530597
4034	7.530880
4035	7.530986
4036	7.531267
4037	7.531590
4038	7.531732
4039	7.531836
4040	7.531730
4041	7.531759
4042	7.531801
4043	7.532128
4044	7.532510
4045	7.532594
4046	7.532529
4047	7.532802
4048	7.532675
4049	7.532714
4050	7.533005
4051	7.532892
4052	7.533247
4053	7.533304
4054	7.533101
4055	7.533186
4056	7.533359
4057	7.533457
4058	7.533453
4059	7.533617
4060	7.534112
4061	7.533953
4062	7.534064
4063	7.534158
4064	7.534370
4065	7.534419
4066	7.534664
4067	7.534646
4068	7.534709
4069	7.534972
4070	7.535189
4071	7.535446
4072	7.535504
4073	7.535469
4074	7.535521
4075	7.536006
4076	7.536031
4077	7.536174
4078	7.536255
4079	7.536195
4080	7.536372
4081	7.536640
4082	7.536683
4083	7.536746
4084	7.536770
4085	7.536995
4086	7.537095
4087	7.536988
4088	7.537230
4089	7.537386
4090	7.537529
4091	7.537443
4092	7.537418
4093	7.537723
4094	7.537959
4095	7.538247
4096	7.538272
4097	7.538112
4098	7.538329
4099	7.538335
4100	7.538495
4101	7.538749
4102	7.538779
4103	7.539045
4104	7.538943
4105	7.539203
4106	7.539250
4107	7.539527
4108	7.539620
4109	7.539871
4110	7.539969
4111	7.540317
4112	7.540153
4113	7.540268
4114	7.540483
4115	7.540406
4116	7.540596
4117	7.540483
4118	7.540532
4119	7.540902
4120	7.540744
4121	7.541134
4122	7.541235
4123	7.541326
4124	7.541351
4125	7.541381
4126	7.541538
4127	7.541749
4128	7.541905
4129	7.542214
4130	7.542238
4131	7.542245
4132	7.542230
4133	7.542244
4134	7.542685
4135	7.542780
4136	7.542755
4137	7.542977
4138	7.543162
4139	7.543004
4140	7.543339
4141	7.543735
4142	7.543615
4143	7.543706
4144	7.543539
4145	7.543612
4146	7.543694
4147	7.543751
4148	7.543970
4149	7.544182
4150	7.544180
4151	7.544090
4152	7.544528
4153	7.544589
4154	7.544875
4155	7.544928
4156	7.544819
4157	7.544665
4158	7.544764
4159	7.545371
4160	7.545197
4161	7.545382
4162	7.545513
4163	7.545627
4164	7.545660
4165	7.545946
4166	7.545735
4167	7.545947
4168	7.546320
4169	7.546153
4170	7.546148
4171	7.546301
4172	7.546387
4173	7.546580
4174	7.546726
4175	7.546955
4176	7.547099
4177	7.546893
4178	7.547119
4179	7.547497
4180	7.547457
4181	7.547510
4182	7.547491
4183	7.547761
4184	7.547590
4185	7.548053
4186	7.548087
4187	7.548113
4188	7.548192
4189	7.548299
4190	7.548463
4191	7.548384
4192	7.548833
4193	7.548785
4194	7.548932
4195	7.548884
4196	7.549227
4197	7.548977
4198	7.549191
4199	7.549360
4200	7.549568
4201	7.549632
4202	7.549957
4203	7.549718
4204	7.549910
4205	7.550004
4206	7.550000
4207	7.550210
4208	7.550334
4209	7.550540
4210	7.550513
4211	7.550446
4212	7.550583
4213	7.550684
4214	7.550848
4215	7.550915
4216	7.550792
4217	7.550969
4218	7.551047
4219	7.551428
4220	7.551295
4221	7.551474
4222	7.551443
4223	7.551444
4224	7.551840
4225	7.551887
4226	7.552138
4227	7.552707
4228	7.552318
4229	7.552403
4230	7.552377
4231	7.552706
4232	7.552767
4233	7.552552
4234	7.553083
4235	7.552964
4236	7.552980
4237	7.553361
4238	7.553600
4239	7.553286
4240	7.553778
4241	7.553825
4242	7.553961
4243	7.554161
4244	7.554036
4245	7.554165
4246	7.554361
4247	7.554324
4248	7.554661
4249	7.554771
4250	7.554913
4251	7.555418
4252	7.555105
4253	7.555386
4254	7.555275
4255	7.555344
4256	7.555622
4257	7.555676
4258	7.555563
4259	7.555777
4260	7.555940
4261	7.556025
4262	7.556288
4263	7.556267
4264	7.556225
4265	7.556746
4266	7.556297
4267	7.556923
4268	7.556953
4269	7.557094
4270	7.556800
4271	7.557063
4272	7.557148
4273	7.557426
4274	7.557253
4275	7.557346
4276	7.557754
4277	7.557812
4278	7.557791
4279	7.557763
4280	7.557803
4281	7.557930
4282	7.558159
4283	7.558398
4284	7.558510
4285	7.558719
4286	7.558599
4287	7.558793
4288	7.559107
4289	7.559000
4290	7.559035
4291	7.559306
4292	7.559430
4293	7.559285
4294	7.559411
4295	7.559721
4296	7.559481
4297	7.559856
4298	7.559904
4299	7.559923
4300	7.560094
4301	7.560116
4302	7.560161
4303	7.560276
4304	7.560231
4305	7.560476
4306	7.560543
4307	7.560790
4308	7.560788
4309	7.560909
4310	7.560882
4311	7.561204
4312	7.561239
4313	7.561391
4314	7.561218
4315	7.561578
4316	7.561559
4317	7.561572
4318	7.561555
4319	7.561621
4320	7.561875
4321	7.562032
4322	7.562096
4323	7.562097
4324	7.562150
4325	7.562462
4326	7.562619
4327	7.562630
4328	7.562806
4329	7.562914
4330	7.562978
4331	7.562956
4332	7.563114
4333	7.563314
4334	7.563182
4335	7.563432
4336	7.563515
4337	7.563870
4338	7.563703
4339	7.563963
4340	7.563760
4341	7.564103
4342	7.564219
4343	7.564309
4344	7.564353
4345	7.564515
4346	7.564736
4347	7.564796
4348	7.564766
4349	7.564788
4350	7.564910
4351	7.565224
4352	7.565075
4353	7.565098
4354	7.565162
4355	7.565320
4356	7.565447
4357	7.565547
4358	7.565661
4359	7.565804
4360	7.566025
4361	7.566063
4362	7.565903
4363	7.566262
4364	7.566136
4365	7.566224
4366	7.566472
4367	7.566448
4368	7.566544
4369	7.566693
4370	7.566768
4371	7.567235
4372	7.566800
4373	7.567184
4374	7.567237
4375	7.567619
4376	7.567643
4377	7.567747
4378	7.567713
4379	7.567642
4380	7.568008
4381	7.568220
4382	7.568018
4383	7.568185
4384	7.568065
4385	7.568557
4386	7.568604
4387	7.568853
4388	7.568784
4389	7.568828
4390	7.568988
4391	7.569126
4392	7.569172
4393	7.569343
4394	7.569479
4395	7.569191
4396	7.569599
4397	7.569624
4398	7.569864
4399	7.570097
4400	7.569921
4401	7.570067
4402	7.570191
4403	7.570192
4404	7.570317
4405	7.570199
4406	7.570684
4407	7.570745
4408	7.571004
4409	7.570758
4410	7.570627
4411	7.571036
4412	7.571233
4413	7.571099
4414	7.571219
4415	7.571097
4416	7.571347
4417	7.571494
4418	7.571923
4419	7.571731
4420	7.571787
4421	7.571756
4422	7.571808
4423	7.571806
4424	7.572025
4425	7.572150
4426	7.571874
4427	7.572238
4428	7.572162
4429	7.572354
4430	7.572364
4431	7.572697
4432	7.572818
4433	7.572602
4434	7.572787
4435	7.573019
4436	7.573175
4437	7.573133
4438	7.573479
4439	7.573443
4440	7.573529
4441	7.573738
4442	7.574007
4443	7.574080
4444	7.574090
4445	7.574143
4446	7.574150
4447	7.574222
4448	7.574246
4449	7.574181
4450	7.574453
4451	7.574386
4452	7.574715
4453	7.574745
4454	7.574779
4455	7.575097
4456	7.575373
4457	7.575087
4458	7.575216
4459	7.575298
4460	7.575166
4461	7.575510
4462	7.575672
4463	7.575859
4464	7.575811
4465	7.575911
4466	7.576027
4467	7.576269
4468	7.576296
4469	7.576407
4470	7.576333
4471	7.576490
4472	7.576609
4473	7.576776
4474	7.576922
4475	7.577108
4476	7.577068
4477	7.577156
4478	7.577079
4479	7.577288
4480	7.577359
4481	7.577415
4482	7.577744
4483	7.577588
4484	7.577512
4485	7.577832
4486	7.577947
4487	7.577903
4488	7.577888
4489	7.578150
4490	7.578337
4491	7.578367
4492	7.578450
4493	7.578607
4494	7.578927
4495	7.578740
4496	7.578584
4497	7.579002
4498	7.579186
4499	7.579123
4500	7.579405
4501	7.579262
4502	7.579697
4503	7.579772
4504	7.579653
4505	7.579764
4506	7.579946
4507	7.580192
4508	7.580202
4509	7.580327
4510	7.580515
4511	7.580740
4512	7.580670
4513	7.580644
4514	7.581027
4515	7.580895
4516	7.580945
4517	7.581183
4518	7.581306
4519	7.581235
4520	7.581425
4521	7.581417
4522	7.581502
4523	7.581679
4524	7.581605
4525	7.581794
4526	7.581748
4527	7.581847
4528	7.581750
4529	7.582049
4530	7.582167
4531	7.582038
4532	7.582143
4533	7.582560
4534	7.582510
4535	7.582568
4536	7.582628
4537	7.582825
4538	7.582924
4539	7.583052
4540	7.582882
4541	7.582967
4542	7.583229
4543	7.583211
4544	7.583307
4545	7.583609
4546	7.583732
4547	7.583901
4548	7.583905
4549	7.584025
4550	7.584102
4551	7.584253
4552	7.584261
4553	7.584283
4554	7.584369
4555	7.584527
4556	7.584618
4557	7.584738
4558	7.584590
4559	7.584834
4560	7.584856
4561	7.585141
4562	7.585359
4563	7.585345
4564	7.585467
4565	7.585402
4566	7.585445
4567	7.585590
4568	7.585583
4569	7.585621
4570	7.585695
4571	7.585983
4572	7.586062
4573	7.586100
4574	7.586146
4575	7.586207
4576	7.586450
4577	7.586639
4578	7.586386
4579	7.586614
4580	7.586725
4581	7.586767
4582	7.586878
4583	7.587024
4584	7.586895
4585	7.586808
4586	7.586860
4587	7.587073
4588	7.587227
4589	7.587400
4590	7.587544
4591	7.587579
4592	7.587699
4593	7.587592
4594	7.587780
4595	7.587794
4596	7.587980
4597	7.588055
4598	7.588151
4599	7.587979
4600	7.587947
4601	7.588462
4602	7.588437
4603	7.588502
4604	7.588488
4605	7.588624
4606	7.588831
4607	7.589017
4608	7.589053
4609	7.588855
4610	7.588900
4611	7.589217
4612	7.589202
4613	7.589508
4614	7.589382
4615	7.589457
4616	7.589830
4617	7.589694
4618	7.589670
4619	7.589983
4620	7.590081
4621	7.589833
4622	7.590074
4623	7.590132
4624	7.590124
4625	7.590298
4626	7.590377
4627	7.590547
4628	7.590785
4629	7.590686
4630	7.590947
4631	7.590860
4632	7.591016
4633	7.591282
4634	7.591358
4635	7.591433
4636	7.591609
4637	7.591626
4638	7.591668
4639	7.591530
4640	7.591743
4641	7.591768
4642	7.591965
4643	7.592208
4644	7.591896
4645	7.591835
4646	7.592231
4647	7.592437
4648	7.592357
4649	7.592281
4650	7.592462
4651	7.592622
4652	7.592661
4653	7.592718
4654	7.593040
4655	7.592920
4656	7.593281
4657	7.593508
4658	7.593328
4659	7.593286
4660	7.593583
4661	7.593631
4662	7.593811
4663	7.593751
4664	7.593800
4665	7.593769
4666	7.593822
4667	7.593897
4668	7.594253
4669	7.594228
4670	7.594222
4671	7.594300
4672	7.594418
4673	7.594640
4674	7.594729
4675	7.594932
4676	7.595081
4677	7.595245
4678	7.595256
4679	7.595387
4680	7.595561
4681	7.595375
4682	7.595403
4683	7.595638
4684	7.595560
4685	7.595384
4686	7.595774
4687	7.596013
4688	7.596160
4689	7.596177
4690	7.596391
4691	7.596579
4692	7.596352
4693	7.596417
4694	7.596558
4695	7.596554
4696	7.596700
4697	7.596898
4698	7.596795
4699	7.596688
4700	7.596701
4701	7.596792
4702	7.596941
4703	7.596987
4704	7.597414
4705	7.597018
4706	7.597320
4707	7.597309
4708	7.597373
4709	7.597309
4710	7.597562
4711	7.597499
4712	7.597964
4713	7.597989
4714	7.598179
4715	7.598139
4716	7.598209
4717	7.598359
4718	7.598397
4719	7.598644
4720	7.598683
4721	7.598826
4722	7.598789
4723	7.598881
4724	7.599093
4725	7.599178
4726	7.599243
4727	7.599429
4728	7.599382
4729	7.599492
4730	7.599195
4731	7.599563
4732	7.599710
4733	7.599698
4734	7.599945
4735	7.599670
4736	7.599944
4737	7.600056
4738	7.600189
4739	7.599940
4740	7.600289
4741	7.600388
4742	7.600674
4743	7.600748
4744	7.600689
4745	7.600913
4746	7.601134
4747	7.601106
4748	7.601040
4749	7.601138
4750	7.601192
4751	7.601290
4752	7.601527
4753	7.601404
4754	7.601411
4755	7.601631
4756	7.602035
4757	7.601929
4758	7.601905
4759	7.602004
4760	7.602289
4761	7.601995
4762	7.602073
4763	7.602320
4764	7.602375
4765	7.602526
4766	7.602570
4767	7.602922
4768	7.602784
4769	7.603003
4770	7.603072
4771	7.602770
4772	7.602875
4773	7.603147
4774	7.603007
4775	7.603128
4776	7.602948
4777	7.603142
4778	7.603299
4779	7.603649
4780	7.603636
4781	7.604042
4782	7.603987
4783	7.603944
4784	7.604048
4785	7.604127
4786	7.604410
4787	7.604398
4788	7.604729
4789	7.604333
4790	7.604641
4791	7.604897
4792	7.604819
4793	7.604876
4794	7.605121
4795	7.605201
4796	7.605366
4797	7.605270
4798	7.605478
4799	7.605303
4800	7.605502
4801	7.605615
4802	7.605834
4803	7.605678
4804	7.605985
4805	7.605886
4806	7.606020
4807	7.606330
4808	7.606263
4809	7.606336
4810	7.606279
4811	7.606355
4812	7.606418
4813	7.606432
4814	7.606745
4815	7.606988
4816	7.607075
4817	7.606967
4818	7.606978
4819	7.607061
4820	7.607237
4821	7.607358
4822	7.607371
4823	7.607647
4824	7.607512
4825	7.607602
4826	7.607890
4827	7.608251
4828	7.608008
4829	7.608246
4830	7.608002
4831	7.607847
4832	7.607873
4833	7.608254
4834	7.608173
4835	7.608333
4836	7.608520
4837	7.608712
4838	7.608999
4839	7.608967
4840	7.609057
4841	7.609165
4842	7.609176
4843	7.609348
4844	7.609187
4845	7.609422
4846	7.609325
4847	7.609643
4848	7.609469
4849	7.609839
4850	7.609964
4851	7.609808
4852	7.609988
4853	7.610154
4854	7.610148
4855	7.610262
4856	7.610022
4857	7.610154
4858	7.610322
4859	7.610521
4860	7.610405
4861	7.610423
4862	7.610687
4863	7.610755
4864	7.610835
4865	7.610845
4866	7.611084
4867	7.611085
4868	7.611345
4869	7.611557
4870	7.611194
4871	7.611406
4872	7.611479
4873	7.611494
4874	7.611609
4875	7.611718
4876	7.611824
4877	7.611763
4878	7.611894
4879	7.611817
4880	7.612095
4881	7.612142
4882	7.612319
4883	7.612410
4884	7.612422
4885	7.612315
4886	7.612380
4887	7.612584
4888	7.612878
4889	7.612812
4890	7.612949
4891	7.613048
4892	7.613250
4893	7.613282
4894	7.613458
4895	7.613244
4896	7.613566
4897	7.613750
4898	7.613501
4899	7.613651
4900	7.613637
4901	7.613775
4902	7.613745
4903	7.613795
4904	7.613984
4905	7.613930
4906	7.614168
4907	7.614079
4908	7.614191
4909	7.614385
4910	7.614563
4911	7.614883
4912	7.614751
4913	7.615070
4914	7.614777
4915	7.615042
4916	7.615285
4917	7.615180
4918	7.615383
4919	7.615299
4920	7.615375
4921	7.615356
4922	7.615524
4923	7.615442
4924	7.615821
4925	7.615927
4926	7.616070
4927	7.616080
4928	7.616022
4929	7.616029
4930	7.615972
4931	7.616330
4932	7.616347
4933	7.616375
4934	7.616127
4935	7.616629
4936	7.616698
4937	7.616943
4938	7.616833
4939	7.616974
4940	7.617142
4941	7.617154
4942	7.617253
4943	7.617374
4944	7.617413
4945	7.617193
4946	7.617361
4947	7.617734
4948	7.617483
4949	7.617570
4950	7.617476
4951	7.617810
4952	7.617797
4953	7.617755
4954	7.618129
4955	7.617888
4956	7.618268
4957	7.618402
4958	7.618438
4959	7.618484
4960	7.618731
4961	7.618771
4962	7.618953
4963	7.618996
4964	7.619090
4965	7.619139
4966	7.619108
4967	7.619053
4968	7.619304
4969	7.619422
4970	7.619354
4971	7.619416
4972	7.619451
4973	7.619136
4974	7.619461
4975	7.619577
4976	7.619609
4977	7.619704
4978	7.619636
4979	7.619711
4980	7.619829
4981	7.619907
4982	7.619831
4983	7.619878
4984	7.620198
4985	7.620333
4986	7.620436
4987	7.620416
4988	7.620326
4989	7.620661
4990	7.620541
4991	7.620958
4992	7.620951
4993	7.621008
4994	7.620803
4995	7.621157
4996	7.621065
4997	7.620821
4998	7.621141
4999	7.621258
5000	7.621349
