    1  2.98608887e+000
    2  5.97436719e+000
    3  8.99965234e+000
    4  1.19817549e+001
    5  1.48562441e+001
    6  1.78204609e+001
    7  2.07770371e+001
    8  2.38438848e+001
    9  2.67845254e+001
   10  2.97567207e+001
   11  3.28892266e+001
   12  3.57653359e+001
   13  3.87183086e+001
   14  4.18567617e+001
   15  4.48515664e+001
   16  4.78658516e+001
   17  5.08985391e+001
   18  5.39277109e+001
   19  5.69386523e+001
   20  6.00428945e+001
   21  6.29850625e+001
   22  6.60405937e+001
   23  6.89485078e+001
   24  7.17633750e+001
   25  7.48058750e+001
   26  7.76709766e+001
   27  8.07269375e+001
   28  8.35113672e+001
   29  8.65010937e+001
   30  8.95426016e+001
   31  9.24582031e+001
   32  9.54150234e+001
   33  9.85093906e+001
   34  1.01652813e+002
   35  1.04511070e+002
   36  1.07485000e+002
   37  1.10249609e+002
   38  1.13282367e+002
   39  1.16535031e+002
   40  1.19728555e+002
   41  1.22738297e+002
   42  1.25420273e+002
   43  1.28270883e+002
   44  1.31359172e+002
   45  1.34175703e+002
   46  1.37235391e+002
   47  1.40430656e+002
   48  1.43377484e+002
   49  1.46164312e+002
   50  1.49218047e+002
   51  1.52112672e+002
   52  1.55006063e+002
   53  1.58109391e+002
   54  1.61526031e+002
   55  1.64533984e+002
   56  1.67489172e+002
   57  1.70352266e+002
   58  1.73494656e+002
   59  1.76815453e+002
   60  1.79889781e+002
   61  1.82691547e+002
   62  1.85879938e+002
   63  1.88636594e+002
   64  1.91733500e+002
   65  1.94334156e+002
   66  1.97263859e+002
   67  2.00278672e+002
   68  2.03181828e+002
   69  2.06262391e+002
   70  2.09143234e+002
   71  2.12291844e+002
   72  2.15075516e+002
   73  2.17923906e+002
   74  2.20757250e+002
   75  2.24163078e+002
   76  2.26985984e+002
   77  2.30176203e+002
   78  2.32882719e+002
   79  2.35738313e+002
   80  2.38428250e+002
   81  2.41502422e+002
   82  2.44410687e+002
   83  2.46890750e+002
   84  2.49670813e+002
   85  2.52673828e+002
   86  2.55523266e+002
   87  2.58576484e+002
   88  2.61705203e+002
   89  2.64710125e+002
   90  2.67050313e+002
   91  2.69811844e+002
   92  2.72939719e+002
   93  2.75655125e+002
   94  2.78565125e+002
   95  2.81061188e+002
   96  2.83858281e+002
   97  2.87374281e+002
   98  2.90810906e+002
   99  2.94118469e+002
  100  2.97093937e+002
  101  3.00285531e+002
  102  3.03331625e+002
  103  3.06632219e+002
  104  3.09730062e+002
  105  3.12680875e+002
  106  3.15671531e+002
  107  3.18814219e+002
  108  3.21545937e+002
  109  3.24468750e+002
  110  3.27559500e+002
  111  3.30363781e+002
  112  3.33281531e+002
  113  3.36443562e+002
  114  3.39515531e+002
  115  3.42183125e+002
  116  3.45017625e+002
  117  3.47979000e+002
  118  3.50654156e+002
  119  3.53684469e+002
  120  3.56707063e+002
  121  3.60037594e+002
  122  3.62886156e+002
  123  3.65775312e+002
  124  3.68491000e+002
  125  3.71102031e+002
  126  3.73993938e+002
  127  3.76987813e+002
  128  3.79745344e+002
  129  3.82824687e+002
  130  3.85799344e+002
  131  3.89280500e+002
  132  3.92305344e+002
  133  3.95503250e+002
  134  3.98561375e+002
  135  4.01928344e+002
  136  4.05113500e+002
  137  4.08203594e+002
  138  4.11219844e+002
  139  4.14343656e+002
  140  4.17470969e+002
  141  4.20265906e+002
  142  4.22978687e+002
  143  4.25838594e+002
  144  4.28607500e+002
  145  4.31567250e+002
  146  4.34939969e+002
  147  4.37734844e+002
  148  4.40463906e+002
  149  4.43274250e+002
  150  4.46414812e+002
  151  4.49190156e+002
  152  4.52298094e+002
  153  4.55717406e+002
  154  4.58793344e+002
  155  4.61883812e+002
  156  4.64866594e+002
  157  4.67916812e+002
  158  4.70666375e+002
  159  4.74481094e+002
  160  4.77648000e+002
  161  4.80556281e+002
  162  4.84156187e+002
  163  4.87633812e+002
  164  4.90609719e+002
  165  4.93754313e+002
  166  4.96857813e+002
  167  5.00448438e+002
  168  5.03422312e+002
  169  5.06223625e+002
  170  5.09075750e+002
  171  5.12234187e+002
  172  5.15884250e+002
  173  5.18726688e+002
  174  5.22612219e+002
  175  5.25448437e+002
  176  5.28512625e+002
  177  5.31202875e+002
  178  5.34228750e+002
  179  5.37286125e+002
  180  5.39843562e+002
  181  5.42571000e+002
  182  5.45820500e+002
  183  5.48264063e+002
  184  5.50706188e+002
  185  5.53924313e+002
  186  5.56890937e+002
  187  5.59987938e+002
  188  5.62979312e+002
  189  5.66807000e+002
  190  5.69837250e+002
  191  5.73085938e+002
  192  5.76233750e+002
  193  5.78985937e+002
  194  5.81644250e+002
  195  5.84924625e+002
  196  5.88053625e+002
  197  5.90854750e+002
  198  5.93631562e+002
  199  5.96387250e+002
  200  5.98977188e+002
  201  6.02226875e+002
  202  6.04798437e+002
  203  6.07748438e+002
  204  6.10386375e+002
  205  6.13658500e+002
  206  6.16401000e+002
  207  6.19326625e+002
  208  6.22627313e+002
  209  6.25816937e+002
  210  6.28618875e+002
  211  6.31336688e+002
  212  6.34740063e+002
  213  6.38136687e+002
  214  6.40908188e+002
  215  6.43810938e+002
  216  6.46502687e+002
  217  6.48790687e+002
  218  6.51911687e+002
  219  6.55020688e+002
  220  6.57021125e+002
  221  6.60305562e+002
  222  6.63655062e+002
  223  6.66984438e+002
  224  6.69955875e+002
  225  6.72786062e+002
  226  6.75711937e+002
  227  6.78660500e+002
  228  6.81043937e+002
  229  6.83992188e+002
  230  6.87464125e+002
  231  6.90846750e+002
  232  6.93756375e+002
  233  6.97087437e+002
  234  7.00056687e+002
  235  7.02759125e+002
  236  7.05502250e+002
  237  7.08878563e+002
  238  7.11646625e+002
  239  7.14865125e+002
  240  7.18193937e+002
  241  7.21703562e+002
  242  7.24532187e+002
  243  7.27774563e+002
  244  7.29637813e+002
  245  7.32520188e+002
  246  7.35224375e+002
  247  7.37983938e+002
  248  7.41281750e+002
  249  7.43822312e+002
  250  7.46702125e+002
  251  7.49488062e+002
  252  7.52496250e+002
  253  7.55195375e+002
  254  7.58693000e+002
  255  7.61780688e+002
  256  7.64958625e+002
  257  7.68528312e+002
  258  7.71394375e+002
  259  7.74418875e+002
  260  7.77595688e+002
  261  7.80114687e+002
  262  7.83647750e+002
  263  7.86710000e+002
  264  7.89849625e+002
  265  7.92750750e+002
  266  7.96183813e+002
  267  7.98845937e+002
  268  8.01858813e+002
  269  8.04971688e+002
  270  8.08118313e+002
  271  8.11624125e+002
  272  8.14699750e+002
  273  8.17495563e+002
  274  8.20696125e+002
  275  8.24213875e+002
  276  8.26837437e+002
  277  8.30355188e+002
  278  8.32636000e+002
  279  8.35193125e+002
  280  8.38299188e+002
  281  8.42065313e+002
  282  8.44817500e+002
  283  8.47275500e+002
  284  8.50767062e+002
  285  8.54363187e+002
  286  8.57361188e+002
  287  8.60847625e+002
  288  8.63662812e+002
  289  8.66759688e+002
  290  8.69506000e+002
  291  8.73178250e+002
  292  8.76249500e+002
  293  8.79356937e+002
  294  8.82554813e+002
  295  8.85726375e+002
  296  8.89346937e+002
  297  8.93098125e+002
  298  8.95994875e+002
  299  8.99290750e+002
  300  9.02485688e+002
  301  9.05638438e+002
  302  9.09359938e+002
  303  9.12694438e+002
  304  9.15946125e+002
  305  9.18444687e+002
  306  9.21963938e+002
  307  9.25304188e+002
  308  9.28470250e+002
  309  9.32157375e+002
  310  9.34286625e+002
  311  9.37099812e+002
  312  9.39986562e+002
  313  9.43360250e+002
  314  9.46605500e+002
  315  9.49715563e+002
  316  9.52516313e+002
  317  9.55558375e+002
  318  9.58516125e+002
  319  9.61010375e+002
  320  9.64058562e+002
  321  9.67729625e+002
  322  9.70485312e+002
  323  9.72752313e+002
  324  9.75730750e+002
  325  9.78302812e+002
  326  9.80856063e+002
  327  9.83248438e+002
  328  9.86267875e+002
  329  9.89570687e+002
  330  9.92539875e+002
  331  9.94911562e+002
  332  9.97231000e+002
  333  1.00057944e+003
  334  1.00412731e+003
  335  1.00763138e+003
  336  1.01030850e+003
  337  1.01356675e+003
  338  1.01619594e+003
  339  1.01862888e+003
  340  1.02054450e+003
  341  1.02339913e+003
  342  1.02545894e+003
  343  1.02824031e+003
  344  1.03121162e+003
  345  1.03324481e+003
  346  1.03617456e+003
  347  1.03959244e+003
  348  1.04296706e+003
  349  1.04589538e+003
  350  1.04922638e+003
  351  1.05157225e+003
  352  1.05456813e+003
  353  1.05817538e+003
  354  1.06055300e+003
  355  1.06423875e+003
  356  1.06696313e+003
  357  1.07002463e+003
  358  1.07308450e+003
  359  1.07559000e+003
  360  1.07854537e+003
  361  1.08164900e+003
  362  1.08428962e+003
  363  1.08693863e+003
  364  1.08935250e+003
  365  1.09291838e+003
  366  1.09581025e+003
  367  1.09946863e+003
  368  1.10210337e+003
  369  1.10410738e+003
  370  1.10724950e+003
  371  1.11026238e+003
  372  1.11332675e+003
  373  1.11596350e+003
  374  1.11901075e+003
  375  1.12143238e+003
  376  1.12513550e+003
  377  1.12784350e+003
  378  1.13063488e+003
  379  1.13351525e+003
  380  1.13642500e+003
  381  1.13925588e+003
  382  1.14243037e+003
  383  1.14594975e+003
  384  1.14877938e+003
  385  1.15201838e+003
  386  1.15486613e+003
  387  1.15789400e+003
  388  1.16068875e+003
  389  1.16410425e+003
  390  1.16714050e+003
  391  1.17003938e+003
  392  1.17306250e+003
  393  1.17672200e+003
  394  1.18077813e+003
  395  1.18341587e+003
  396  1.18626575e+003
  397  1.18994913e+003
  398  1.19273275e+003
  399  1.19549138e+003
  400  1.19834800e+003
  401  1.20110225e+003
  402  1.20489237e+003
  403  1.20842075e+003
  404  1.21089200e+003
  405  1.21360713e+003
  406  1.21740100e+003
  407  1.22003163e+003
  408  1.22422763e+003
  409  1.22655500e+003
  410  1.22909638e+003
  411  1.23186413e+003
  412  1.23501925e+003
  413  1.23802875e+003
  414  1.24067162e+003
  415  1.24392500e+003
  416  1.24673062e+003
  417  1.24966775e+003
  418  1.25265675e+003
  419  1.25522737e+003
  420  1.25875750e+003
  421  1.26163175e+003
  422  1.26486313e+003
  423  1.26810075e+003
  424  1.27046988e+003
  425  1.27314525e+003
  426  1.27551675e+003
  427  1.27779425e+003
  428  1.28093700e+003
  429  1.28382913e+003
  430  1.28629650e+003
  431  1.28997200e+003
  432  1.29329437e+003
  433  1.29676087e+003
  434  1.29986513e+003
  435  1.30364213e+003
  436  1.30595525e+003
  437  1.30893137e+003
  438  1.31094837e+003
  439  1.31384163e+003
  440  1.31640525e+003
  441  1.31953338e+003
  442  1.32235288e+003
  443  1.32490850e+003
  444  1.32880275e+003
  445  1.33236150e+003
  446  1.33545375e+003
  447  1.33797300e+003
  448  1.34122813e+003
  449  1.34425050e+003
  450  1.34667175e+003
  451  1.34955825e+003
  452  1.35251700e+003
  453  1.35588288e+003
  454  1.35783188e+003
  455  1.36142225e+003
  456  1.36360650e+003
  457  1.36657513e+003
  458  1.36930762e+003
  459  1.37195688e+003
  460  1.37504688e+003
  461  1.37727025e+003
  462  1.38021775e+003
  463  1.38410237e+003
  464  1.38656950e+003
  465  1.38988575e+003
  466  1.39333713e+003
  467  1.39654700e+003
  468  1.39993913e+003
  469  1.40354762e+003
  470  1.40614613e+003
  471  1.40997750e+003
  472  1.41167913e+003
  473  1.41534175e+003
  474  1.41814025e+003
  475  1.42085437e+003
  476  1.42332038e+003
  477  1.42639513e+003
  478  1.42945663e+003
  479  1.43271313e+003
  480  1.43541812e+003
  481  1.43889850e+003
  482  1.44204013e+003
  483  1.44483650e+003
  484  1.44734125e+003
  485  1.44974400e+003
  486  1.45296638e+003
  487  1.45603875e+003
  488  1.45893888e+003
  489  1.46259325e+003
  490  1.46533275e+003
  491  1.46867725e+003
  492  1.47256863e+003
  493  1.47613213e+003
  494  1.47940137e+003
  495  1.48225688e+003
  496  1.48539950e+003
  497  1.48807975e+003
  498  1.49128213e+003
  499  1.49397900e+003
  500  1.49606813e+003
  501  1.49920100e+003
  502  1.50141825e+003
  503  1.50536337e+003
  504  1.50818913e+003
  505  1.51170487e+003
  506  1.51457738e+003
  507  1.51718850e+003
  508  1.51936163e+003
  509  1.52202688e+003
  510  1.52535625e+003
  511  1.52789538e+003
  512  1.53103312e+003
  513  1.53408850e+003
  514  1.53761188e+003
  515  1.54002138e+003
  516  1.54330238e+003
  517  1.54698563e+003
  518  1.55011462e+003
  519  1.55390775e+003
  520  1.55629363e+003
  521  1.55823138e+003
  522  1.56068838e+003
  523  1.56360437e+003
  524  1.56771737e+003
  525  1.57092587e+003
  526  1.57307713e+003
  527  1.57593225e+003
  528  1.57834075e+003
  529  1.58141725e+003
  530  1.58454888e+003
  531  1.58786838e+003
  532  1.59064963e+003
  533  1.59341375e+003
  534  1.59725688e+003
  535  1.59956813e+003
  536  1.60286350e+003
  537  1.60599625e+003
  538  1.60880488e+003
  539  1.61217037e+003
  540  1.61617587e+003
  541  1.61980675e+003
  542  1.62239325e+003
  543  1.62507787e+003
  544  1.62840000e+003
  545  1.63098625e+003
  546  1.63489650e+003
  547  1.63777875e+003
  548  1.64068200e+003
  549  1.64366050e+003
  550  1.64697550e+003
  551  1.64998062e+003
  552  1.65290812e+003
  553  1.65630825e+003
  554  1.65927663e+003
  555  1.66267675e+003
  556  1.66506450e+003
  557  1.66779950e+003
  558  1.66989425e+003
  559  1.67229100e+003
  560  1.67617375e+003
  561  1.67878450e+003
  562  1.68212900e+003
  563  1.68482188e+003
  564  1.68713850e+003
  565  1.69052862e+003
  566  1.69429113e+003
  567  1.69640088e+003
  568  1.69934763e+003
  569  1.70245113e+003
  570  1.70548737e+003
  571  1.70871188e+003
  572  1.71220850e+003
  573  1.71546888e+003
  574  1.71842725e+003
  575  1.72177175e+003
  576  1.72379025e+003
  577  1.72634725e+003
  578  1.73126438e+003
  579  1.73497100e+003
  580  1.73776663e+003
  581  1.74216700e+003
  582  1.74588425e+003
  583  1.74835550e+003
  584  1.75137513e+003
  585  1.75382650e+003
  586  1.75672113e+003
  587  1.75920563e+003
  588  1.76188675e+003
  589  1.76584400e+003
  590  1.76993550e+003
  591  1.77324163e+003
  592  1.77501925e+003
  593  1.77741450e+003
  594  1.77948650e+003
  595  1.78208063e+003
  596  1.78409488e+003
  597  1.78819550e+003
  598  1.79123588e+003
  599  1.79476563e+003
  600  1.79722250e+003
  601  1.80078788e+003
  602  1.80291538e+003
  603  1.80500125e+003
  604  1.80604400e+003
  605  1.80824350e+003
  606  1.81140188e+003
  607  1.81380038e+003
  608  1.81773725e+003
  609  1.82047287e+003
  610  1.82416638e+003
  611  1.82758363e+003
  612  1.83087350e+003
  613  1.83427600e+003
  614  1.83696575e+003
  615  1.84082300e+003
  616  1.84427475e+003
  617  1.84731250e+003
  618  1.85001250e+003
  619  1.85278600e+003
  620  1.85648725e+003
  621  1.85900525e+003
  622  1.86158337e+003
  623  1.86361000e+003
  624  1.86687650e+003
  625  1.87028713e+003
  626  1.87298250e+003
  627  1.87659975e+003
  628  1.87938288e+003
  629  1.88227987e+003
  630  1.88602138e+003
  631  1.88958938e+003
  632  1.89257800e+003
  633  1.89568538e+003
  634  1.89897925e+003
  635  1.90251600e+003
  636  1.90541863e+003
  637  1.90909063e+003
  638  1.91225637e+003
  639  1.91426813e+003
  640  1.91664513e+003
  641  1.91967650e+003
  642  1.92218025e+003
  643  1.92521363e+003
  644  1.92918863e+003
  645  1.93172475e+003
  646  1.93462900e+003
  647  1.93805975e+003
  648  1.94007987e+003
  649  1.94323638e+003
  650  1.94571363e+003
  651  1.94813413e+003
  652  1.95136975e+003
  653  1.95452150e+003
  654  1.95740288e+003
  655  1.95930750e+003
  656  1.96262350e+003
  657  1.96653138e+003
  658  1.96994037e+003
  659  1.97335687e+003
  660  1.97666875e+003
  661  1.97916875e+003
  662  1.98264713e+003
  663  1.98547038e+003
  664  1.98883650e+003
  665  1.99159763e+003
  666  1.99461150e+003
  667  1.99695325e+003
  668  1.99904275e+003
  669  2.00251862e+003
  670  2.00578213e+003
  671  2.00864350e+003
  672  2.01192450e+003
  673  2.01538988e+003
  674  2.01835912e+003
  675  2.02057300e+003
  676  2.02383963e+003
  677  2.02697088e+003
  678  2.03040413e+003
  679  2.03430437e+003
  680  2.03623488e+003
  681  2.03893800e+003
  682  2.04175075e+003
  683  2.04389163e+003
  684  2.04735413e+003
  685  2.05012650e+003
  686  2.05396162e+003
  687  2.05721987e+003
  688  2.06078425e+003
  689  2.06510338e+003
  690  2.06780388e+003
  691  2.07003537e+003
  692  2.07264163e+003
  693  2.07507100e+003
  694  2.07842038e+003
  695  2.08289175e+003
  696  2.08510875e+003
  697  2.08852425e+003
  698  2.09120838e+003
  699  2.09417325e+003
  700  2.09686900e+003
  701  2.10056050e+003
  702  2.10375225e+003
  703  2.10636675e+003
  704  2.10986025e+003
  705  2.11328050e+003
  706  2.11669775e+003
  707  2.12086150e+003
  708  2.12375875e+003
  709  2.12661700e+003
  710  2.12897125e+003
  711  2.13313050e+003
  712  2.13519150e+003
  713  2.13800375e+003
  714  2.14099400e+003
  715  2.14381275e+003
  716  2.14720925e+003
  717  2.15079425e+003
  718  2.15309425e+003
  719  2.15620900e+003
  720  2.16013550e+003
  721  2.16243875e+003
  722  2.16560100e+003
  723  2.16995400e+003
  724  2.17305275e+003
  725  2.17548900e+003
  726  2.17926275e+003
  727  2.18285550e+003
  728  2.18581750e+003
  729  2.18949200e+003
  730  2.19311550e+003
  731  2.19685300e+003
  732  2.19994425e+003
  733  2.20298075e+003
  734  2.20527275e+003
  735  2.20891225e+003
  736  2.21237975e+003
  737  2.21520375e+003
  738  2.21835275e+003
  739  2.22145300e+003
  740  2.22520150e+003
  741  2.22811550e+003
  742  2.23107325e+003
  743  2.23430825e+003
  744  2.23697025e+003
  745  2.24018500e+003
  746  2.24321050e+003
  747  2.24633275e+003
  748  2.24874475e+003
  749  2.25161800e+003
  750  2.25536075e+003
  751  2.25740175e+003
  752  2.26091300e+003
  753  2.26405800e+003
  754  2.26695250e+003
  755  2.26955750e+003
  756  2.27226025e+003
  757  2.27436275e+003
  758  2.27747225e+003
  759  2.28047350e+003
  760  2.28380375e+003
  761  2.28666375e+003
  762  2.28956850e+003
  763  2.29297000e+003
  764  2.29629150e+003
  765  2.29945975e+003
  766  2.30210675e+003
  767  2.30509275e+003
  768  2.30863275e+003
  769  2.31172275e+003
  770  2.31460400e+003
  771  2.31612525e+003
  772  2.31975700e+003
  773  2.32367675e+003
  774  2.32641375e+003
  775  2.32840250e+003
  776  2.33294575e+003
  777  2.33589625e+003
  778  2.33883850e+003
  779  2.34138475e+003
  780  2.34500700e+003
  781  2.34854625e+003
  782  2.35243525e+003
  783  2.35446150e+003
  784  2.35718650e+003
  785  2.35895800e+003
  786  2.36101575e+003
  787  2.36334550e+003
  788  2.36613525e+003
  789  2.36873600e+003
  790  2.37139750e+003
  791  2.37408475e+003
  792  2.37638325e+003
  793  2.37914350e+003
  794  2.38270175e+003
  795  2.38666225e+003
  796  2.38866625e+003
  797  2.39136425e+003
  798  2.39559125e+003
  799  2.39905825e+003
  800  2.40219875e+003
  801  2.40544700e+003
  802  2.40829850e+003
  803  2.41166925e+003
  804  2.41540800e+003
  805  2.41742550e+003
  806  2.42078000e+003
  807  2.42342875e+003
  808  2.42655200e+003
  809  2.42935925e+003
  810  2.43295600e+003
  811  2.43510100e+003
  812  2.43770600e+003
  813  2.44038525e+003
  814  2.44320575e+003
  815  2.44552350e+003
  816  2.44770425e+003
  817  2.45038875e+003
  818  2.45383825e+003
  819  2.45732675e+003
  820  2.45995050e+003
  821  2.46297825e+003
  822  2.46636325e+003
  823  2.47057225e+003
  824  2.47366225e+003
  825  2.47719950e+003
  826  2.48155350e+003
  827  2.48450325e+003
  828  2.48763725e+003
  829  2.49032625e+003
  830  2.49376525e+003
  831  2.49724000e+003
  832  2.49991825e+003
  833  2.50296700e+003
  834  2.50513775e+003
  835  2.50810325e+003
  836  2.51137375e+003
  837  2.51527300e+003
  838  2.51711350e+003
  839  2.51938600e+003
  840  2.52332550e+003
  841  2.52500550e+003
  842  2.52842950e+003
  843  2.53209025e+003
  844  2.53479125e+003
  845  2.53735475e+003
  846  2.53992825e+003
  847  2.54209675e+003
  848  2.54476425e+003
  849  2.54815075e+003
  850  2.55119250e+003
  851  2.55429225e+003
  852  2.55652350e+003
  853  2.56021150e+003
  854  2.56324975e+003
  855  2.56536125e+003
  856  2.56662125e+003
  857  2.56926250e+003
  858  2.57189125e+003
  859  2.57442200e+003
  860  2.57776825e+003
  861  2.58103300e+003
  862  2.58526975e+003
  863  2.58840675e+003
  864  2.59142250e+003
  865  2.59384925e+003
  866  2.59639925e+003
  867  2.60142350e+003
  868  2.60458625e+003
  869  2.60726200e+003
  870  2.60968675e+003
  871  2.61413900e+003
  872  2.61693400e+003
  873  2.62025725e+003
  874  2.62441675e+003
  875  2.62882950e+003
  876  2.63232750e+003
  877  2.63503850e+003
  878  2.63815700e+003
  879  2.64180600e+003
  880  2.64514300e+003
  881  2.64716900e+003
  882  2.64973725e+003
  883  2.65270050e+003
  884  2.65544725e+003
  885  2.65758275e+003
  886  2.66060925e+003
  887  2.66300200e+003
  888  2.66597425e+003
  889  2.66835200e+003
  890  2.67106975e+003
  891  2.67599900e+003
  892  2.67887575e+003
  893  2.68130125e+003
  894  2.68417475e+003
  895  2.68755925e+003
  896  2.68993500e+003
  897  2.69261200e+003
  898  2.69435300e+003
  899  2.69553350e+003
  900  2.69887900e+003
  901  2.70314350e+003
  902  2.70620825e+003
  903  2.70788875e+003
  904  2.71117450e+003
  905  2.71432450e+003
  906  2.71746500e+003
  907  2.72001525e+003
  908  2.72251650e+003
  909  2.72568675e+003
  910  2.72853100e+003
  911  2.73031900e+003
  912  2.73351825e+003
  913  2.73560850e+003
  914  2.73863500e+003
  915  2.74216175e+003
  916  2.74544075e+003
  917  2.74874950e+003
  918  2.75133775e+003
  919  2.75507775e+003
  920  2.75871875e+003
  921  2.76270475e+003
  922  2.76618725e+003
  923  2.76850100e+003
  924  2.77238200e+003
  925  2.77395100e+003
  926  2.77604475e+003
  927  2.77863175e+003
  928  2.78153850e+003
  929  2.78527825e+003
  930  2.78845475e+003
  931  2.79145300e+003
  932  2.79408250e+003
  933  2.79684700e+003
  934  2.79954075e+003
  935  2.80266775e+003
  936  2.80442475e+003
  937  2.80608500e+003
  938  2.80975050e+003
  939  2.81359375e+003
  940  2.81716900e+003
  941  2.81810075e+003
  942  2.81944600e+003
  943  2.82290450e+003
  944  2.82580600e+003
  945  2.82951550e+003
  946  2.83199700e+003
  947  2.83377875e+003
  948  2.83669825e+003
  949  2.83943500e+003
  950  2.84243975e+003
  951  2.84798300e+003
  952  2.85121025e+003
  953  2.85356775e+003
  954  2.85621650e+003
  955  2.85883725e+003
  956  2.86305450e+003
  957  2.86667675e+003
  958  2.86948725e+003
  959  2.87089250e+003
  960  2.87454725e+003
  961  2.87738800e+003
  962  2.88019200e+003
  963  2.88429550e+003
  964  2.88745475e+003
  965  2.89033100e+003
  966  2.89365050e+003
  967  2.89562725e+003
  968  2.89804500e+003
  969  2.90195850e+003
  970  2.90446125e+003
  971  2.90833850e+003
  972  2.91143775e+003
  973  2.91418925e+003
  974  2.91707625e+003
  975  2.91965325e+003
  976  2.92253225e+003
  977  2.92638925e+003
  978  2.92961475e+003
  979  2.93287975e+003
  980  2.93616875e+003
  981  2.94037600e+003
  982  2.94349750e+003
  983  2.94743625e+003
  984  2.95166775e+003
  985  2.95564625e+003
  986  2.95904625e+003
  987  2.96234775e+003
  988  2.96517800e+003
  989  2.96719350e+003
  990  2.97097675e+003
  991  2.97352825e+003
  992  2.97595400e+003
  993  2.97828400e+003
  994  2.98014225e+003
  995  2.98315700e+003
  996  2.98503625e+003
  997  2.98879775e+003
  998  2.99237100e+003
  999  2.99561650e+003
 1000  2.99952700e+003
