301	-86.158016	-86.158016	0.000000
302	-86.215191	-86.186603	6.083551
303	-86.224688	-86.199298	4.309710
304	-86.310709	-86.227151	3.525539
305	-86.381527	-86.258026	3.050715
306	-86.372324	-86.277076	2.729180
307	-86.398552	-86.294430	2.487830
308	-86.414509	-86.309440	2.300232
309	-86.376828	-86.316927	2.148773
310	-86.400974	-86.325332	2.025359
311	-86.469066	-86.338399	1.923085
312	-86.457092	-86.348290	1.835992
313	-86.521000	-86.361575	1.760477
314	-86.520374	-86.372918	1.692730
315	-86.575649	-86.386433	1.631622
316	-86.449128	-86.390352	1.578657
317	-86.364626	-86.388838	1.530277
318	-86.264111	-86.381909	1.486157
319	-86.215711	-86.373162	1.446206
320	-86.315287	-86.370268	1.410679
321	-86.391574	-86.371283	1.378344
322	-86.477608	-86.376116	1.349069
323	-86.470391	-86.380215	1.321683
324	-86.533121	-86.386586	1.294887
325	-86.538216	-86.392651	1.269262
326	-86.663643	-86.403074	1.245671
327	-86.618936	-86.411069	1.223087
328	-86.494967	-86.414065	1.201403
329	-86.579601	-86.419773	1.181387
330	-86.721483	-86.429830	1.162736
331	-86.856193	-86.443584	1.145502
332	-86.908586	-86.458115	1.129394
333	-86.854745	-86.470134	1.114923
334	-87.140922	-86.489863	1.101179
335	-87.164350	-86.509134	1.086061
336	-87.172363	-86.527557	1.071621
337	-87.101840	-86.543078	1.058617
338	-87.157535	-86.559248	1.046324
339	-87.194515	-86.575537	1.034226
340	-87.440407	-86.597159	1.022409
341	-87.404075	-86.616840	1.011023
342	-87.445431	-86.636568	0.999454
343	-87.679307	-86.660818	0.988314
344	-87.907474	-86.689151	0.977132
345	-87.940342	-86.716955	0.967034
346	-88.055000	-86.746043	0.957974
347	-88.233126	-86.777683	0.949328
348	-88.241722	-86.808184	0.941586
349	-88.328887	-86.839219	0.933439
350	-88.531189	-86.873058	0.925765
351	-88.454224	-86.904061	0.917049
352	-88.752220	-86.939603	0.908317
353	-89.001187	-86.978501	0.900485
354	-89.155967	-87.018824	0.892752
355	-89.226399	-87.058962	0.884578
356	-89.366240	-87.100163	0.876791
357	-89.334879	-87.139369	0.869585
358	-89.534204	-87.180659	0.862334
359	-89.729387	-87.223858	0.855455
360	-89.838178	-87.267430	0.848931
361	-90.083148	-87.313589	0.842447
362	-90.198121	-87.360114	0.835787
363	-90.266830	-87.406252	0.829220
364	-90.506818	-87.454699	0.823100
365	-90.674314	-87.504231	0.817293
366	-90.713299	-87.552853	0.811542
367	-90.957055	-87.603662	0.806101
368	-91.075570	-87.654720	0.800812
369	-91.085169	-87.704437	0.795620
370	-91.068714	-87.752498	0.790503
371	-91.071508	-87.799244	0.785302
372	-91.055208	-87.844466	0.780185
373	-91.012450	-87.887863	0.775237
374	-91.003536	-87.929967	0.770380
375	-90.992956	-87.970807	0.765639
376	-91.026548	-88.011014	0.761008
377	-91.004725	-88.049893	0.756392
378	-91.044074	-88.088280	0.751921
379	-91.049613	-88.125765	0.747505
380	-91.049613	-88.162313	0.743142
381	-91.049613	-88.197959	0.738832
382	-91.049613	-88.232735	0.734576
383	-91.049613	-88.266674	0.730372
384	-91.049613	-88.299804	0.726221
385	-91.049613	-88.332154	0.722121
386	-91.049613	-88.363753	0.718074
387	-91.049613	-88.394625	0.714078
388	-91.049613	-88.424795	0.710134
389	-91.049613	-88.454287	0.706239
390	-91.049613	-88.483124	0.702394
391	-91.049613	-88.511328	0.698599
392	-91.049613	-88.538918	0.694852
393	-91.049613	-88.565914	0.691154
394	-91.049613	-88.592337	0.687502
395	-91.049613	-88.618203	0.683898
396	-91.049613	-88.643530	0.680339
397	-91.062241	-88.668465	0.676852
398	-91.070315	-88.692974	0.673424
399	-91.050294	-88.716785	0.670062
400	-91.024925	-88.739866	0.666757
401	-91.044526	-88.762685	0.663496
402	-91.124005	-88.785835	0.660319
403	-91.132082	-88.808614	0.657170
404	-91.137089	-88.831003	0.654063
405	-91.197123	-88.853538	0.651111
406	-91.184536	-88.875528	0.648178
407	-91.122728	-88.896530	0.645212
408	-91.261156	-88.918425	0.642397
409	-91.346784	-88.940703	0.639651
410	-91.398960	-88.963051	0.637106
411	-91.459074	-88.985538	0.634618
412	-91.208483	-89.005386	0.632003
413	-91.365123	-89.026268	0.629420
414	-91.630038	-89.049108	0.626864
415	-91.792395	-89.072963	0.624242
416	-92.080179	-89.098887	0.621806
417	-92.227056	-89.125624	0.619354
418	-92.245956	-89.152067	0.616802
419	-92.226399	-89.177902	0.614190
420	-92.476172	-89.205388	0.611888
421	-92.804876	-89.235135	0.609665
422	-93.100857	-89.266822	0.607555
423	-93.144127	-89.298344	0.605450
424	-93.063274	-89.328707	0.603303
425	-93.002041	-89.358093	0.601176
426	-93.069092	-89.387546	0.599311
427	-93.169381	-89.417324	0.597498
428	-93.331733	-89.447905	0.595752
429	-93.346293	-89.478125	0.593908
430	-93.563176	-89.509549	0.592059
431	-93.766348	-89.542044	0.590242
432	-93.749776	-89.573920	0.588322
433	-93.939490	-89.606744	0.586530
434	-93.891425	-89.638719	0.584763
435	-93.953064	-89.670678	0.583127
436	-93.764164	-89.700777	0.581521
437	-93.535560	-89.728768	0.579835
438	-93.728322	-89.757750	0.578227
439	-93.666377	-89.785870	0.576485
440	-93.890352	-89.815187	0.574805
441	-93.873549	-89.843970	0.573043
442	-93.960652	-89.872961	0.571295
443	-94.171150	-89.903018	0.569628
444	-94.103976	-89.932191	0.568031
445	-94.304964	-89.962348	0.566483
446	-94.268430	-89.991842	0.564854
447	-94.216689	-90.020583	0.563207
448	-94.117040	-90.048261	0.561572
449	-94.146271	-90.075765	0.559935
450	-94.330013	-90.104126	0.558318
451	-94.325007	-90.132079	0.556736
452	-94.187944	-90.158763	0.555099
453	-94.214447	-90.185270	0.553489
454	-94.225539	-90.211506	0.551909
455	-94.356931	-90.238251	0.550412
456	-94.420986	-90.265063	0.548933
457	-94.486987	-90.291954	0.547513
458	-94.523037	-90.318733	0.546063
459	-94.543737	-90.345306	0.544595
460	-94.525800	-90.371434	0.543098
461	-94.522076	-90.397214	0.541646
462	-94.487002	-90.422460	0.540232
463	-94.420761	-90.446989	0.538825
464	-94.418108	-90.471203	0.537420
465	-94.437278	-90.495240	0.536003
466	-94.566435	-90.519765	0.534629
467	-94.634381	-90.544404	0.533272
468	-94.657466	-90.568886	0.531931
469	-94.707039	-90.593372	0.530627
470	-94.729492	-90.617703	0.529321
471	-94.690161	-90.641518	0.528065
472	-94.659779	-90.664880	0.526805
473	-94.660972	-90.687979	0.525543
474	-94.721249	-90.711159	0.524299
475	-94.718244	-90.734056	0.523068
476	-94.720484	-90.756706	0.521837
477	-94.765417	-90.779354	0.520584
478	-94.747674	-90.801648	0.519312
479	-94.793065	-90.823947	0.518034
480	-94.792520	-90.845994	0.516749
481	-94.760606	-90.867622	0.515463
482	-94.778094	-90.889108	0.514188
483	-94.819145	-90.910584	0.512931
484	-94.790345	-90.931669	0.511677
485	-94.781506	-90.952479	0.510425
486	-94.771688	-90.973013	0.509175
487	-94.748078	-90.993200	0.507934
488	-94.689050	-91.012859	0.506672
489	-94.678207	-91.032252	0.505399
490	-94.664037	-91.051367	0.504117
491	-94.649447	-91.070205	0.502851
492	-94.632481	-91.088759	0.501611
493	-94.667714	-91.107303	0.500403
494	-94.685957	-91.125749	0.499236
495	-94.624509	-91.143692	0.498083
496	-94.581481	-91.161231	0.496929
497	-94.573550	-91.178553	0.495720
498	-94.568548	-91.195674	0.494497
499	-94.619669	-91.212880	0.493308
500	-94.700715	-91.230319	0.492142
501	-94.707688	-91.247619	0.490960
502	-94.681491	-91.264619	0.489744
503	-94.638739	-91.281240	0.488526
504	-94.588633	-91.297453	0.487308
505	-94.642541	-91.313770	0.486107
506	-94.648719	-91.329959	0.484927
507	-94.625365	-91.345879	0.483739
508	-94.554092	-91.361303	0.482515
509	-94.436990	-91.376019	0.481303
510	-94.427576	-91.390551	0.480119
511	-94.473557	-91.405162	0.478878
512	-94.571053	-91.420096	0.477647
513	-94.779558	-91.435868	0.476468
514	-94.713178	-91.451182	0.475274
515	-94.557780	-91.465632	0.474110
516	-94.480259	-91.479588	0.472983
517	-94.577812	-91.493866	0.471864
518	-94.755537	-91.508827	0.470703
519	-94.759928	-91.523673	0.469511
520	-94.936969	-91.539188	0.468343
521	-94.806880	-91.553974	0.467160
522	-94.644406	-91.567894	0.465958
523	-94.672004	-91.581814	0.464724
524	-94.674483	-91.595621	0.463462
525	-94.761051	-91.609689	0.462231
526	-94.759560	-91.623627	0.461079
527	-94.694812	-91.637156	0.459890
528	-94.971778	-91.651782	0.458743
529	-94.908999	-91.666005	0.457572
530	-94.941811	-91.680248	0.456399
531	-94.953542	-91.694418	0.455239
532	-95.019042	-91.708748	0.454117
533	-95.103299	-91.723317	0.453024
534	-95.320950	-91.738692	0.451976
535	-95.175724	-91.753318	0.450908
536	-95.438814	-91.768934	0.449864
537	-95.629154	-91.785222	0.448897
538	-95.587305	-91.801197	0.447950
539	-95.799003	-91.817924	0.447027
540	-95.924467	-91.835035	0.446110
541	-96.141637	-91.852905	0.445208
542	-96.250889	-91.871078	0.444278
543	-96.397676	-91.889706	0.443373
544	-96.573567	-91.908902	0.442515
545	-96.803297	-91.928879	0.441705
546	-96.954677	-91.949309	0.440921
547	-96.895171	-91.969333	0.440093
548	-96.955076	-91.989437	0.439290
549	-96.937280	-92.009308	0.438449
550	-96.862299	-92.028720	0.437600
551	-96.693910	-92.047306	0.436720
552	-96.686822	-92.065717	0.435845
553	-96.690660	-92.083997	0.434950
554	-96.848254	-92.102754	0.434031
555	-97.034262	-92.122094	0.433150
556	-97.052408	-92.141353	0.432282
557	-97.178746	-92.160953	0.431430
558	-97.242190	-92.180648	0.430572
559	-97.174681	-92.199930	0.429680
560	-97.301061	-92.219550	0.428818
561	-97.363857	-92.239260	0.427983
562	-97.365987	-92.258827	0.427152
563	-97.332314	-92.278118	0.426317
564	-97.312367	-92.297187	0.425481
565	-97.297852	-92.316058	0.424642
566	-97.297852	-92.334786	0.423805
567	-97.297852	-92.353375	0.422969
568	-97.297852	-92.371824	0.422136
569	-97.297852	-92.390136	0.421304
570	-97.297852	-92.408313	0.420474
571	-97.297852	-92.426356	0.419647
572	-97.297852	-92.444266	0.418821
573	-97.297852	-92.462044	0.417997
574	-97.297852	-92.479693	0.417176
575	-97.297852	-92.497214	0.416356
576	-97.297852	-92.514608	0.415539
577	-97.297852	-92.531876	0.414723
578	-97.297852	-92.549019	0.413910
579	-97.297852	-92.566040	0.413099
580	-97.297852	-92.582940	0.412291
581	-97.297852	-92.599719	0.411484
582	-97.297852	-92.616379	0.410680
583	-97.297852	-92.632921	0.409878
584	-97.297852	-92.649347	0.409079
585	-97.297852	-92.665657	0.408281
586	-97.297975	-92.681854	0.407487
587	-97.315694	-92.698000	0.406692
588	-97.365113	-92.714205	0.405902
589	-97.424702	-92.730505	0.405123
590	-97.458012	-92.746806	0.404353
591	-97.504540	-92.763156	0.403589
592	-97.536663	-92.779504	0.402828
593	-97.453337	-92.795455	0.402044
594	-97.471910	-92.811362	0.401264
595	-97.576311	-92.827514	0.400505
596	-97.667095	-92.843864	0.399771
597	-97.657201	-92.860070	0.399045
598	-97.902371	-92.876991	0.398355
599	-98.108426	-92.894487	0.397687
600	-98.123268	-92.911917	0.397030
601	-98.082326	-92.929094	0.396362
602	-98.132818	-92.946325	0.395709
603	-98.197011	-92.963654	0.395047
604	-98.460020	-92.981734	0.394443
605	-98.664320	-93.000365	0.393884
606	-98.573688	-93.018579	0.393301
607	-98.729454	-93.037181	0.392727
608	-98.922023	-93.056288	0.392171
609	-99.109162	-93.075876	0.391657
610	-99.195504	-93.095617	0.391166
611	-99.251303	-93.115410	0.390689
612	-99.386562	-93.135510	0.390214
613	-99.400162	-93.155525	0.389762
614	-99.471523	-93.175640	0.389319
615	-99.525459	-93.195798	0.388869
616	-99.443759	-93.215570	0.388412
617	-99.473796	-93.235312	0.387983
618	-99.597350	-93.255318	0.387578
619	-99.563995	-93.275095	0.387129
620	-99.657263	-93.295039	0.386692
621	-99.839498	-93.315427	0.386269
622	-99.971464	-93.336098	0.385867
623	-100.008439	-93.356755	0.385474
624	-99.786124	-93.376599	0.385022
625	-99.655516	-93.395918	0.384543
626	-99.760904	-93.415443	0.384081
627	-99.978937	-93.435515	0.383644
628	-100.053925	-93.455693	0.383219
629	-100.113371	-93.475929	0.382810
630	-100.229244	-93.496394	0.382405
631	-100.211301	-93.516680	0.381990
632	-100.193538	-93.536791	0.381583
633	-99.961938	-93.556086	0.381134
634	-99.951156	-93.575233	0.380686
635	-100.088592	-93.594676	0.380269
636	-100.321911	-93.614697	0.379894
637	-100.420775	-93.634893	0.379528
638	-100.449931	-93.655056	0.379161
639	-100.378421	-93.674889	0.378774
640	-100.375127	-93.694596	0.378381
641	-100.399041	-93.714257	0.377991
642	-100.443614	-93.733933	0.377598
643	-100.350930	-93.753225	0.377177
644	-100.220807	-93.772026	0.376736
645	-100.173610	-93.790581	0.376293
646	-100.145230	-93.808947	0.375830
647	-100.294167	-93.827637	0.375389
648	-100.569109	-93.847009	0.374994
649	-100.562754	-93.866252	0.374588
650	-100.515403	-93.885249	0.374164
651	-100.434837	-93.903909	0.373727
652	-100.407301	-93.922385	0.373284
653	-100.407806	-93.940757	0.372846
654	-100.446854	-93.959136	0.372410
655	-100.434389	-93.977376	0.371971
656	-100.459819	-93.995585	0.371539
657	-100.555890	-94.013961	0.371117
658	-100.558978	-94.032243	0.370699
659	-100.505694	-94.050275	0.370266
660	-100.476106	-94.068125	0.369831
661	-100.514926	-94.085983	0.369404
662	-100.484349	-94.103658	0.368978
663	-100.468571	-94.121192	0.368555
664	-100.423465	-94.138506	0.368126
665	-100.390882	-94.155636	0.367692
666	-100.401135	-94.172700	0.367263
667	-100.417673	-94.189716	0.366835
668	-100.450866	-94.206730	0.366406
669	-100.478618	-94.223727	0.365975
670	-100.505184	-94.240704	0.365545
671	-100.555316	-94.257725	0.365123
672	-100.539179	-94.274610	0.364695
673	-100.467376	-94.291213	0.364259
674	-100.472413	-94.307740	0.363824
675	-100.464172	-94.324157	0.363392
676	-100.473910	-94.340513	0.362958
677	-100.539693	-94.356957	0.362534
678	-100.546462	-94.373331	0.362110
679	-100.598690	-94.389757	0.361690
680	-100.561513	-94.405998	0.361260
681	-100.531612	-94.422076	0.360823
682	-100.478665	-94.437931	0.360383
683	-100.430532	-94.453577	0.359936
684	-100.535323	-94.469415	0.359498
685	-100.566849	-94.485253	0.359068
686	-100.434421	-94.500665	0.358614
687	-100.446866	-94.516030	0.358156
688	-100.573856	-94.531643	0.357716
689	-100.574356	-94.547177	0.357282
690	-100.609025	-94.562720	0.356852
691	-100.635588	-94.578252	0.356430
692	-100.559574	-94.593510	0.355998
693	-100.527307	-94.608609	0.355554
694	-100.470158	-94.623486	0.355107
695	-100.437147	-94.638204	0.354662
696	-100.392201	-94.652734	0.354214
697	-100.421879	-94.667266	0.353777
698	-100.583492	-94.682131	0.353358
699	-100.640587	-94.697065	0.352940
700	-100.619796	-94.711871	0.352511
701	-100.727378	-94.726873	0.352087
702	-100.605278	-94.741495	0.351654
703	-100.671430	-94.756210	0.351235
704	-100.740375	-94.771022	0.350829
705	-100.784894	-94.785871	0.350433
706	-100.851838	-94.800812	0.350055
707	-100.882326	-94.815754	0.349678
708	-100.590644	-94.829909	0.349270
709	-100.723783	-94.844319	0.348871
710	-100.960794	-94.859237	0.348480
711	-101.055724	-94.874314	0.348110
712	-101.108022	-94.889444	0.347744
713	-101.169439	-94.904650	0.347372
714	-101.254411	-94.919988	0.347011
715	-101.167157	-94.935041	0.346642
716	-101.084228	-94.949823	0.346266
717	-101.124256	-94.964630	0.345885
718	-101.176105	-94.979490	0.345486
719	-101.386979	-94.994782	0.345117
720	-101.384073	-95.009994	0.344761
721	-101.379245	-95.025123	0.344416
722	-101.396189	-95.040221	0.344076
723	-101.299288	-95.055017	0.343715
724	-101.252667	-95.069635	0.343333
725	-101.508552	-95.084785	0.342982
726	-101.418242	-95.099652	0.342625
727	-101.751599	-95.115231	0.342298
728	-101.751815	-95.130737	0.341956
729	-101.892659	-95.146499	0.341630
730	-101.885127	-95.162170	0.341290
731	-102.034161	-95.178114	0.340964
732	-101.950547	-95.193791	0.340652
733	-102.153063	-95.209863	0.340363
734	-102.341527	-95.226296	0.340097
735	-102.325157	-95.242615	0.339835
736	-102.275623	-95.258746	0.339553
737	-102.382175	-95.275046	0.339286
738	-102.500480	-95.291543	0.339018
739	-102.553994	-95.308086	0.338754
740	-102.815146	-95.325148	0.338520
741	-102.891738	-95.342305	0.338297
742	-102.946870	-95.359510	0.338085
743	-102.852580	-95.376425	0.337858
744	-102.934027	-95.393446	0.337639
745	-103.038987	-95.410627	0.337438
746	-102.986489	-95.427613	0.337229
747	-103.005828	-95.444567	0.337029
748	-102.964910	-95.461353	0.336823
749	-102.856387	-95.477823	0.336610
750	-102.830107	-95.494162	0.336395
751	-102.843072	-95.510457	0.336180
752	-102.804032	-95.526593	0.335958
753	-102.813576	-95.542679	0.335734
754	-102.823228	-95.558715	0.335510
755	-102.858913	-95.574760	0.335285
756	-102.858913	-95.590734	0.335060
757	-102.858913	-95.606638	0.334832
758	-102.858913	-95.622473	0.334604
759	-102.858913	-95.638238	0.334374
760	-102.858913	-95.653935	0.334142
761	-102.858913	-95.669564	0.333909
762	-102.858913	-95.685126	0.333675
763	-102.858913	-95.700620	0.333440
764	-102.858913	-95.716047	0.333204
765	-102.858913	-95.731408	0.332966
766	-102.858913	-95.746703	0.332727
767	-102.858913	-95.761933	0.332487
768	-102.858913	-95.777097	0.332246
769	-102.858913	-95.792197	0.332003
770	-102.858913	-95.807233	0.331760
771	-102.858913	-95.822204	0.331515
772	-102.859348	-95.837114	0.331270
773	-102.862865	-95.851967	0.331024
774	-102.862865	-95.866758	0.330776
775	-102.862865	-95.881487	0.330528
776	-102.862865	-95.896154	0.330279
777	-102.862865	-95.910759	0.330029
778	-102.876263	-95.925331	0.329783
779	-102.831344	-95.939749	0.329534
780	-102.748739	-95.953934	0.329274
781	-102.781108	-95.968128	0.329009
782	-102.805309	-95.982313	0.328742
783	-102.739647	-95.996303	0.328466
784	-102.877573	-96.010521	0.328201
785	-102.910525	-96.024747	0.327941
786	-103.077003	-96.039258	0.327698
787	-103.332807	-96.054235	0.327486
788	-103.453354	-96.069397	0.327281
789	-103.307784	-96.084199	0.327052
790	-103.465084	-96.099262	0.326837
791	-103.552242	-96.114441	0.326635
792	-103.771200	-96.130004	0.326451
793	-103.887440	-96.145739	0.326283
794	-104.168106	-96.161979	0.326152
795	-104.324422	-96.178468	0.326041
796	-104.464694	-96.195175	0.325930
797	-104.515437	-96.211916	0.325813
798	-104.663056	-96.228886	0.325702
799	-104.697267	-96.245856	0.325589
800	-104.755118	-96.262875	0.325480
801	-105.087072	-96.280488	0.325407
802	-105.333466	-96.298522	0.325352
803	-105.430901	-96.316678	0.325309
804	-105.354877	-96.334611	0.325256
805	-105.390030	-96.352542	0.325190
806	-105.595312	-96.370809	0.325141
807	-105.711107	-96.389231	0.325121
808	-105.516925	-96.407199	0.325072
809	-105.583936	-96.425228	0.325027
810	-105.843505	-96.443695	0.325017
811	-105.682802	-96.461776	0.324981
812	-105.662672	-96.479746	0.324939
813	-105.503958	-96.497337	0.324876
814	-105.546229	-96.514942	0.324797
815	-105.843036	-96.533055	0.324753
816	-105.897127	-96.551202	0.324715
817	-105.819901	-96.569130	0.324671
818	-105.696383	-96.586750	0.324616
819	-105.730421	-96.604368	0.324558
820	-105.818868	-96.622088	0.324509
821	-105.980251	-96.640050	0.324481
822	-105.978686	-96.657940	0.324450
823	-106.087561	-96.675970	0.324422
824	-105.993709	-96.693752	0.324378
825	-105.878629	-96.711247	0.324316
826	-105.958210	-96.728827	0.324256
827	-106.000217	-96.746420	0.324199
828	-105.969708	-96.763888	0.324132
829	-105.813485	-96.780995	0.324047
830	-105.790210	-96.797994	0.323956
831	-105.858012	-96.815056	0.323865
832	-105.941181	-96.832210	0.323778
833	-106.056103	-96.849516	0.323701
834	-106.126661	-96.866889	0.323630
835	-106.052893	-96.884059	0.323546
836	-105.931605	-96.900939	0.323452
837	-105.895399	-96.917688	0.323349
838	-105.957923	-96.934492	0.323255
839	-105.956356	-96.951230	0.323159
840	-106.015795	-96.968016	0.323067
841	-105.980315	-96.984675	0.322966
842	-105.942366	-97.001202	0.322860
843	-105.939281	-97.017662	0.322756
844	-105.955867	-97.034093	0.322652
845	-105.974137	-97.050496	0.322545
846	-106.017098	-97.066919	0.322439
847	-106.154108	-97.083532	0.322343
848	-106.198555	-97.100165	0.322251
849	-106.219164	-97.116775	0.322159
850	-106.228751	-97.133342	0.322064
851	-106.203258	-97.149803	0.321966
852	-106.202137	-97.166202	0.321867
853	-106.157112	-97.182461	0.321762
854	-106.106450	-97.198569	0.321652
855	-106.163191	-97.214721	0.321544
856	-106.222359	-97.230922	0.321441
857	-106.234123	-97.247086	0.321338
858	-106.229014	-97.263183	0.321234
859	-106.237045	-97.279236	0.321126
860	-106.241574	-97.295240	0.321018
861	-106.223720	-97.311155	0.320906
862	-106.215897	-97.327000	0.320791
863	-106.268082	-97.342881	0.320678
864	-106.282323	-97.358731	0.320565
865	-106.275909	-97.374514	0.320452
866	-106.291807	-97.390269	0.320337
867	-106.305031	-97.405992	0.320220
868	-106.276298	-97.421608	0.320102
869	-106.269125	-97.437158	0.319982
870	-106.258068	-97.452633	0.319857
871	-106.292888	-97.468115	0.319734
872	-106.299532	-97.483555	0.319612
873	-106.278732	-97.498904	0.319487
874	-106.284942	-97.514211	0.319362
875	-106.368941	-97.529610	0.319243
876	-106.332090	-97.544892	0.319119
877	-106.296008	-97.560059	0.318994
878	-106.313874	-97.575204	0.318869
879	-106.414529	-97.590470	0.318751
880	-106.426052	-97.605704	0.318630
881	-106.386266	-97.620817	0.318502
882	-106.402560	-97.635906	0.318373
883	-106.317575	-97.650797	0.318236
884	-106.253694	-97.665528	0.318091
885	-106.321405	-97.680325	0.317950
886	-106.345357	-97.695111	0.317810
887	-106.405017	-97.709949	0.317674
888	-106.391454	-97.724714	0.317541
889	-106.421636	-97.739479	0.317403
890	-106.233099	-97.753875	0.317251
891	-106.204644	-97.768174	0.317099
892	-106.261277	-97.782521	0.316957
893	-106.295692	-97.796877	0.316818
894	-106.230466	-97.811075	0.316677
895	-106.243503	-97.825247	0.316535
896	-106.216353	-97.839326	0.316390
897	-106.234965	-97.853389	0.316240
898	-106.301451	-97.867516	0.316092
899	-106.432684	-97.881815	0.315959
900	-106.511530	-97.896198	0.315829
901	-106.528972	-97.910562	0.315695
902	-106.550049	-97.924914	0.315569
903	-106.323142	-97.938841	0.315428
904	-106.346605	-97.952761	0.315290
905	-106.405805	-97.966733	0.315152
906	-106.600872	-97.980981	0.315033
907	-106.709639	-97.995361	0.314925
908	-106.794180	-98.009833	0.314823
909	-106.788039	-98.024247	0.314712
910	-106.611223	-98.038324	0.314576
911	-106.475129	-98.052132	0.314430
912	-106.519105	-98.065967	0.314283
913	-106.548485	-98.079805	0.314144
914	-106.594002	-98.093671	0.314003
915	-106.616219	-98.107529	0.313858
916	-106.661576	-98.121416	0.313716
917	-106.918982	-98.135674	0.313586
918	-107.117508	-98.150208	0.313471
919	-106.873112	-98.164300	0.313348
920	-106.884344	-98.178364	0.313217
921	-107.038600	-98.192632	0.313098
922	-107.249512	-98.207193	0.313001
923	-107.498749	-98.222107	0.312922
924	-107.689425	-98.237279	0.312853
925	-107.882326	-98.252711	0.312801
926	-107.983059	-98.268255	0.312748
927	-108.141284	-98.284001	0.312711
928	-108.164981	-98.299736	0.312676
929	-108.044712	-98.315228	0.312623
930	-108.101253	-98.330762	0.312570
931	-108.145696	-98.346316	0.312519
932	-108.229406	-98.361954	0.312467
933	-108.452852	-98.377895	0.312430
934	-108.428783	-98.393749	0.312381
935	-108.188281	-98.409173	0.312311
936	-108.067281	-98.424359	0.312232
937	-108.073898	-98.439507	0.312153
938	-108.218226	-98.454834	0.312086
939	-108.292884	-98.470230	0.312024
940	-108.234105	-98.485486	0.311957
941	-108.276329	-98.500761	0.311893
942	-108.270214	-98.515978	0.311828
943	-108.275107	-98.531155	0.311762
944	-108.270945	-98.546279	0.311695
945	-108.277691	-98.561367	0.311626
946	-108.279083	-98.576410	0.311557
947	-108.279083	-98.591406	0.311485
948	-108.279083	-98.606356	0.311413
949	-108.279083	-98.621260	0.311339
950	-108.279083	-98.636118	0.311263
951	-108.279083	-98.650931	0.311187
952	-108.279083	-98.665698	0.311108
953	-108.279083	-98.680420	0.311029
954	-108.279083	-98.695097	0.310948
955	-108.279083	-98.709729	0.310866
956	-108.279083	-98.724316	0.310782
957	-108.279083	-98.738859	0.310698
958	-108.279083	-98.753358	0.310612
959	-108.279083	-98.767813	0.310525
960	-108.279083	-98.782224	0.310436
961	-108.279083	-98.796591	0.310347
962	-108.279083	-98.810915	0.310256
963	-108.279083	-98.825196	0.310164
964	-108.279083	-98.839434	0.310071
965	-108.279083	-98.853629	0.309976
966	-108.279083	-98.867781	0.309881
967	-108.279709	-98.881892	0.309784
968	-108.280156	-98.895961	0.309687
969	-108.290263	-98.910004	0.309589
970	-108.314878	-98.924041	0.309493
971	-108.341118	-98.938075	0.309398
972	-108.359072	-98.952095	0.309303
973	-108.425598	-98.966171	0.309212
974	-108.483681	-98.980292	0.309123
975	-108.457944	-98.994333	0.309028
976	-108.540191	-99.008454	0.308940
977	-108.554242	-99.022554	0.308855
978	-108.587247	-99.036661	0.308773
979	-108.529658	-99.050642	0.308689
980	-108.584528	-99.064663	0.308605
981	-108.766733	-99.078909	0.308531
982	-108.778035	-99.093131	0.308459
983	-108.765345	-99.107292	0.308383
984	-108.815420	-99.121486	0.308303
985	-109.085595	-99.136032	0.308240
986	-109.156306	-99.150639	0.308178
987	-109.264929	-99.165361	0.308124
988	-109.452066	-99.180313	0.308079
989	-109.362446	-99.195091	0.308027
990	-109.589737	-99.210155	0.307988
991	-109.510329	-99.225062	0.307940
992	-109.656943	-99.240137	0.307901
993	-109.849858	-99.255446	0.307869
994	-109.829823	-99.270683	0.307836
995	-109.807778	-99.285845	0.307802
996	-109.845057	-99.301016	0.307773
997	-110.012988	-99.316384	0.307753
998	-110.028492	-99.331731	0.307732
999	-110.036584	-99.347046	0.307710
1000	-110.078748	-99.362377	0.307685
1001	-110.162703	-99.377784	0.307662
1002	-110.450476	-99.393557	0.307659
1003	-110.604977	-99.409505	0.307663
1004	-110.415488	-99.425138	0.307650
1005	-110.709406	-99.441144	0.307657
1006	-110.788457	-99.457217	0.307666
1007	-110.672348	-99.473080	0.307665
1008	-110.562704	-99.488743	0.307659
1009	-110.514784	-99.504295	0.307647
1010	-110.522848	-99.519814	0.307635
1011	-110.563957	-99.535347	0.307623
1012	-110.749814	-99.551098	0.307624
1013	-110.722517	-99.566766	0.307622
1014	-110.543702	-99.582140	0.307604
1015	-110.413757	-99.597289	0.307574
1016	-110.508299	-99.612528	0.307550
1017	-110.532015	-99.627757	0.307531
1018	-110.600375	-99.643040	0.307515
1019	-110.574054	-99.658243	0.307497
1020	-110.466809	-99.673255	0.307469
1021	-110.510130	-99.688285	0.307440
1022	-110.549496	-99.703328	0.307416
1023	-110.510435	-99.718276	0.307390
1024	-110.523946	-99.733201	0.307363
1025	-110.408289	-99.747925	0.307324
1026	-110.449959	-99.762666	0.307287
1027	-110.499157	-99.777434	0.307252
1028	-110.577749	-99.792270	0.307218
1029	-110.518707	-99.806984	0.307179
1030	-110.522016	-99.821662	0.307139
1031	-110.532637	-99.836314	0.307097
1032	-110.648728	-99.851085	0.307062
1033	-110.617033	-99.865773	0.307025
1034	-110.681664	-99.880509	0.306993
1035	-110.699053	-99.895228	0.306961
1036	-110.617794	-99.909796	0.306924
1037	-110.539570	-99.924219	0.306883
1038	-110.589819	-99.938671	0.306843
1039	-110.574747	-99.953064	0.306799
1040	-110.537831	-99.967368	0.306751
1041	-110.544508	-99.981642	0.306702
1042	-110.594861	-99.995945	0.306656
1043	-110.577073	-100.010186	0.306608
1044	-110.607624	-100.024430	0.306559
1045	-110.630122	-100.038666	0.306510
1046	-110.644697	-100.052883	0.306461
1047	-110.598705	-100.067001	0.306407
1048	-110.575402	-100.081050	0.306352
1049	-110.591784	-100.095083	0.306297
1050	-110.616644	-100.109111	0.306243
1051	-110.618242	-100.123105	0.306188
1052	-110.622317	-100.137067	0.306130
1053	-110.648600	-100.151026	0.306072
1054	-110.663088	-100.164968	0.306015
1055	-110.646557	-100.178851	0.305955
1056	-110.651784	-100.192704	0.305894
1057	-110.680047	-100.206558	0.305834
1058	-110.655261	-100.220342	0.305770
1059	-110.698988	-100.234148	0.305708
1060	-110.694877	-100.247912	0.305644
1061	-110.694597	-100.261640	0.305580
1062	-110.635690	-100.275254	0.305513
1063	-110.585427	-100.288767	0.305443
1064	-110.489469	-100.302118	0.305366
1065	-110.517961	-100.315472	0.305291
1066	-110.623485	-100.328929	0.305221
1067	-110.655736	-100.342393	0.305151
1068	-110.728415	-100.355917	0.305084
1069	-110.678029	-100.369339	0.305014
1070	-110.617203	-100.382648	0.304939
1071	-110.680274	-100.396005	0.304868
1072	-110.741199	-100.409405	0.304799
1073	-110.693072	-100.422709	0.304724
1074	-110.692154	-100.435977	0.304649
1075	-110.675504	-100.449189	0.304573
1076	-110.673594	-100.462365	0.304495
1077	-110.682688	-100.475518	0.304420
1078	-110.771402	-100.488752	0.304351
1079	-110.989087	-100.502231	0.304291
1080	-110.951882	-100.515628	0.304225
1081	-111.039402	-100.529103	0.304164
1082	-111.101685	-100.542623	0.304105
1083	-111.061440	-100.556057	0.304042
1084	-111.005548	-100.569385	0.303975
1085	-111.021689	-100.582700	0.303907
1086	-111.000229	-100.595954	0.303836
1087	-111.037849	-100.609222	0.303765
1088	-111.039991	-100.622459	0.303693
1089	-110.896573	-100.635481	0.303612
1090	-110.775446	-100.648316	0.303526
1091	-110.964853	-100.661359	0.303454
1092	-111.007203	-100.674422	0.303385
1093	-110.929907	-100.687354	0.303312
1094	-110.879282	-100.700190	0.303239
1095	-110.996341	-100.713142	0.303167
1096	-111.245616	-100.726373	0.303107
1097	-111.166900	-100.739473	0.303043
1098	-111.282583	-100.752685	0.302983
1099	-111.034621	-100.765554	0.302909
1100	-110.942427	-100.778275	0.302831
1101	-111.080236	-100.791136	0.302756
1102	-111.117991	-100.804012	0.302678
1103	-111.088937	-100.816820	0.302600
1104	-111.156623	-100.829681	0.302524
1105	-111.566411	-100.843019	0.302466
1106	-111.610127	-100.856377	0.302415
1107	-111.679277	-100.869788	0.302363
1108	-111.657032	-100.883139	0.302308
1109	-111.696491	-100.896505	0.302251
1110	-111.913338	-100.910106	0.302209
1111	-111.963882	-100.923736	0.302168
1112	-112.247337	-100.937681	0.302145
1113	-112.346698	-100.951715	0.302129
1114	-112.264663	-100.965613	0.302107
1115	-111.997716	-100.979149	0.302072
1116	-112.269563	-100.992985	0.302049
1117	-112.470495	-101.007034	0.302033
1118	-112.602174	-101.021209	0.302026
1119	-112.722363	-101.035496	0.302030
1120	-112.704925	-101.049727	0.302038
1121	-112.727243	-101.063950	0.302044
1122	-112.674072	-101.078075	0.302049
1123	-112.773189	-101.092285	0.302060
1124	-112.799557	-101.106493	0.302066
1125	-112.680113	-101.120521	0.302061
1126	-112.779499	-101.134636	0.302063
1127	-112.813973	-101.148759	0.302067
1128	-112.861508	-101.162905	0.302073
1129	-112.912402	-101.177078	0.302079
1130	-112.794808	-101.191075	0.302076
1131	-112.787823	-101.205030	0.302071
1132	-112.811068	-101.218980	0.302066
1133	-112.786504	-101.232866	0.302059
1134	-112.788104	-101.246722	0.302052
1135	-112.776747	-101.260530	0.302042
1136	-112.773185	-101.274301	0.302031
1137	-112.773185	-101.288039	0.302019
1138	-112.773185	-101.301745	0.302006
1139	-112.773185	-101.315418	0.301992
1140	-112.773185	-101.329058	0.301977
1141	-112.773185	-101.342666	0.301960
1142	-112.773185	-101.356241	0.301943
1143	-112.773185	-101.369784	0.301924
1144	-112.773185	-101.383295	0.301905
1145	-112.773185	-101.396774	0.301884
1146	-112.773185	-101.410222	0.301862
1147	-112.773185	-101.423637	0.301840
1148	-112.773185	-101.437021	0.301816
1149	-112.773185	-101.450374	0.301791
1150	-112.773185	-101.463695	0.301766
1151	-112.773185	-101.476984	0.301739
1152	-112.773185	-101.490243	0.301711
1153	-112.773185	-101.503470	0.301683
1154	-112.773185	-101.516666	0.301653
1155	-112.773185	-101.529832	0.301622
1156	-112.773195	-101.542967	0.301591
1157	-112.769670	-101.556067	0.301558
1158	-112.759739	-101.569125	0.301525
1159	-112.756323	-101.582148	0.301490
1160	-112.736416	-101.595118	0.301453
1161	-112.724679	-101.608044	0.301416
1162	-112.727669	-101.620944	0.301378
1163	-112.768761	-101.633862	0.301339
1164	-112.816004	-101.646804	0.301301
1165	-112.754580	-101.659645	0.301260
1166	-112.800646	-101.672510	0.301220
1167	-112.887640	-101.685446	0.301180
1168	-112.865238	-101.698326	0.301137
1169	-112.862086	-101.711173	0.301092
1170	-112.973107	-101.724117	0.301051
1171	-113.085191	-101.737161	0.301017
1172	-113.068498	-101.750156	0.300980
1173	-113.209566	-101.763282	0.300949
1174	-113.279496	-101.776459	0.300919
1175	-113.103210	-101.789403	0.300877
1176	-112.950490	-101.802144	0.300826
1177	-112.999867	-101.814913	0.300775
1178	-113.080237	-101.827743	0.300724
1179	-113.133877	-101.840606	0.300673
1180	-113.420727	-101.853765	0.300636
1181	-113.575831	-101.867070	0.300609
1182	-113.418214	-101.880167	0.300575
1183	-113.350830	-101.893158	0.300539
1184	-113.514188	-101.906303	0.300510
1185	-113.556602	-101.919468	0.300480
1186	-113.649649	-101.932707	0.300452
1187	-113.887905	-101.946185	0.300435
1188	-113.986463	-101.959744	0.300424
1189	-114.179975	-101.973490	0.300422
1190	-114.137110	-101.987157	0.300415
1191	-114.004820	-102.000645	0.300397
1192	-114.119344	-102.014231	0.300388
1193	-113.986357	-102.027638	0.300372
1194	-113.881346	-102.040897	0.300351
1195	-113.984387	-102.054242	0.300335
1196	-114.070996	-102.067653	0.300319
1197	-113.980267	-102.080934	0.300298
1198	-114.115623	-102.094335	0.300282
1199	-114.174101	-102.107772	0.300267
1200	-114.022029	-102.121010	0.300246
1201	-113.942132	-102.134130	0.300219
1202	-114.048073	-102.147339	0.300196
1203	-113.961977	-102.160422	0.300167
1204	-113.859899	-102.173364	0.300132
1205	-113.820141	-102.186234	0.300094
1206	-113.839417	-102.199096	0.300056
1207	-113.861026	-102.211954	0.300019
1208	-113.921568	-102.224850	0.299983
1209	-114.047396	-102.237856	0.299954
1210	-114.106899	-102.250899	0.299926
1211	-114.068060	-102.263870	0.299895
1212	-114.087858	-102.276835	0.299865
1213	-114.279886	-102.289982	0.299841
1214	-114.338246	-102.303164	0.299819
1215	-114.305931	-102.316282	0.299795
1216	-114.383616	-102.329456	0.299774
1217	-114.340405	-102.342554	0.299750
1218	-114.337644	-102.355620	0.299725
1219	-114.434975	-102.368764	0.299705
1220	-114.461703	-102.381909	0.299684
1221	-114.384481	-102.394941	0.299659
1222	-114.412644	-102.407975	0.299634
1223	-114.406166	-102.420974	0.299609
1224	-114.301388	-102.433832	0.299577
1225	-114.265487	-102.446623	0.299545
1226	-114.290278	-102.459413	0.299513
1227	-114.254241	-102.472137	0.299479
1228	-114.323209	-102.484907	0.299446
1229	-114.272160	-102.497595	0.299411
1230	-114.171617	-102.510148	0.299371
1231	-114.147161	-102.522648	0.299329
1232	-114.143458	-102.535116	0.299286
1233	-114.151779	-102.547567	0.299242
1234	-114.162063	-102.560002	0.299199
1235	-114.109140	-102.572354	0.299152
1236	-114.100610	-102.584671	0.299103
1237	-114.046102	-102.596903	0.299052
1238	-114.013559	-102.609074	0.298999
1239	-114.007054	-102.621213	0.298945
1240	-113.989614	-102.633307	0.298890
1241	-113.970411	-102.645355	0.298833
1242	-113.983577	-102.657391	0.298776
1243	-113.975714	-102.669393	0.298718
1244	-114.031003	-102.681429	0.298664
1245	-114.028887	-102.693437	0.298608
1246	-114.052281	-102.705444	0.298553
1247	-114.047941	-102.717421	0.298498
1248	-113.981184	-102.729303	0.298439
1249	-113.965565	-102.741143	0.298377
1250	-113.983589	-102.752977	0.298315
1251	-113.973725	-102.764776	0.298251
1252	-113.923211	-102.776497	0.298185
1253	-113.910391	-102.788180	0.298117
1254	-113.961029	-102.799892	0.298052
1255	-113.984428	-102.811603	0.297986
1256	-114.061650	-102.823371	0.297923
1257	-114.174335	-102.835232	0.297863
1258	-114.251468	-102.847149	0.297807
1259	-114.268744	-102.859059	0.297751
1260	-114.183086	-102.870855	0.297691
1261	-114.158527	-102.882600	0.297629
1262	-114.200799	-102.894366	0.297567
1263	-114.227303	-102.906134	0.297507
1264	-114.131809	-102.917779	0.297440
1265	-114.159757	-102.929429	0.297375
1266	-114.041985	-102.940932	0.297306
1267	-113.931297	-102.952298	0.297231
1268	-113.891065	-102.963598	0.297156
1269	-113.917231	-102.974902	0.297082
1270	-114.008761	-102.986277	0.297011
1271	-113.949692	-102.997568	0.296939
1272	-113.942981	-103.008829	0.296867
1273	-113.940350	-103.020064	0.296792
1274	-114.084531	-103.031424	0.296719
1275	-114.244066	-103.042924	0.296650
1276	-114.406550	-103.054567	0.296587
1277	-114.627288	-103.066412	0.296534
1278	-114.626283	-103.078232	0.296483
1279	-114.513560	-103.089913	0.296427
1280	-114.525054	-103.101581	0.296372
1281	-114.632369	-103.113335	0.296320
1282	-114.610424	-103.125043	0.296263
1283	-114.591152	-103.136707	0.296205
1284	-114.570084	-103.148327	0.296146
1285	-114.557820	-103.159910	0.296086
1286	-114.403636	-103.171313	0.296022
1287	-114.434436	-103.182725	0.295960
1288	-114.622990	-103.194304	0.295904
1289	-114.693656	-103.205931	0.295850
1290	-114.683358	-103.217525	0.295795
1291	-114.719744	-103.229131	0.295742
1292	-114.901732	-103.240898	0.295694
1293	-114.942384	-103.252682	0.295649
1294	-114.803516	-103.264303	0.295597
1295	-114.895565	-103.275992	0.295546
1296	-114.994318	-103.287758	0.295497
1297	-114.926056	-103.299431	0.295446
1298	-115.020967	-103.311176	0.295399
1299	-115.254425	-103.323131	0.295360
1300	-115.461736	-103.335270	0.295329
