      0  -2.48186717e+000  1.78684808e+000  5.68498353e+000
      0  3.09341060e+000  4.90199354e+000  -5.04798285e+000
      0  4.77766904e+000  -1.44773090e+000  -3.22060255e+000
      0  -4.94986447e+000  6.44709141e+000  -2.05774685e+000
      0  -4.66711568e+000  2.82577365e+000  -2.19450943e+000
      0  6.35960686e+000  -3.85648053e+000  -4.37212231e+000
      0  3.74027642e+000  7.49146308e-001  -1.43622101e+000
      0  6.48563217e+000  5.26965789e+000  -1.75787261e+000
      0  4.13171780e+000  -1.32832066e-002  -1.22768030e+000
      0  -3.61951690e+000  3.14014894e+000  -4.56492117e+000
      0  1.78110750e+000  -4.08756815e+000  -3.51680294e+000
      0  -5.55096269e+000  -5.71648525e+000  5.03246345e+000
      0  -2.63018700e+000  1.55572381e+000  -5.10242184e-001
      0  2.37712742e+000  6.87997174e+000  -4.95222572e+000
      0  -3.24221196e+000  1.97987617e-002  -2.56650370e+000
      0  -7.29892510e-002  -6.65295632e+000  1.59597131e+000
      0  2.72690067e+000  3.07371494e+000  9.70013463e-001
      0  -6.74144322e+000  -6.30458219e+000  6.61317284e+000
      0  -4.89030643e+000  2.61981725e+000  -6.14201839e-001
      0  -4.98046137e+000  -6.73607041e+000  -4.12479794e+000
      0  -3.57473184e+000  -6.51798941e+000  2.52097804e+000
      0  4.86466230e+000  2.80618767e+000  -8.56665783e-001
      0  3.79225797e-001  -2.95874996e+000  -2.40383609e+000
      0  2.89466592e-001  -4.57631236e+000  -6.98372863e+000
      0  5.35876413e+000  -2.70292278e+000  1.91817850e+000
      0  4.72923500e-001  1.09921042e+000  -2.50253613e+000
      0  -3.17390180e+000  1.26846202e+000  2.40052417e+000
      0  1.25601625e+000  -4.58521396e+000  1.75417035e+000
      0  2.10136314e+000  -6.18288464e+000  3.52610555e+000
      0  1.09294337e+000  -1.84586039e+000  1.97685340e+000
      0  6.25793916e+000  -5.77025661e+000  -6.74119080e+000
      0  -1.65886241e+000  -5.57052242e+000  2.15203539e+000
      0  -5.86353970e+000  -4.74135942e+000  6.24371816e-001
      0  -4.38969474e+000  1.36081393e+000  4.88707939e+000
      0  -2.13484118e+000  -5.08989490e+000  3.64796566e+000
      0  -2.37106038e+000  -2.39033979e+000  -5.83275310e+000
      0  -4.02407563e+000  2.74876183e+000  1.72428768e+000
      0  -2.33886026e+000  -3.08141244e+000  5.55907745e+000
      0  -6.50057889e+000  -4.81646761e+000  7.94095536e-001
      0  -4.80024941e+000  4.20810740e+000  2.97503106e+000
      0  -5.08462725e+000  -6.86121475e+000  -2.78345556e-002
      0  -6.93498570e+000  1.95752154e-001  -3.76749246e+000
      0  -1.55997346e+000  -5.81537618e+000  -3.29894512e+000
      0  -5.81652057e+000  2.02077946e-001  -3.46026322e+000
      0  -5.67595731e+000  -5.02753002e+000  -4.93949203e-001
      0  1.03018010e-001  -3.75911319e+000  -6.43889503e-001
      0  1.60661456e+000  -1.33022624e+000  1.49116563e-001
      0  -3.62904024e+000  4.72064488e+000  -3.73472448e+000
      0  -1.54898396e+000  -6.44337088e+000  6.13786748e+000
      0  -2.51173567e+000  8.87617271e-001  -6.41179805e+000
      0  3.84434916e+000  4.36366795e+000  5.93558355e+000
      0  -4.55125285e+000  3.20651726e+000  -5.98182320e+000
      0  1.85532271e-001  -3.73436955e+000  -7.75949755e-001
      0  1.87848177e+000  6.30296757e+000  1.97627375e+000
      0  2.89069947e+000  -4.64725971e+000  2.18146280e+000
      0  2.93854464e+000  -3.88026197e+000  2.77578722e+000
      0  6.36788405e+000  3.98601407e+000  1.90269307e+000
      0  -3.94381104e+000  -5.37056492e+000  -2.13463728e+000
      0  3.60730297e-001  -2.74035962e+000  7.70637316e-001
      0  1.56370599e+000  1.64309851e+000  2.27991101e+000
      0  6.30892807e+000  6.75457678e+000  6.07789992e+000
      0  2.56239552e+000  -6.38313348e+000  -1.41070951e-001
      0  6.44773851e-003  -2.67852624e+000  6.00955836e+000
      0  -1.30770880e+000  1.76310163e+000  6.28629910e+000
      0  6.75663611e-001  6.64736597e+000  1.87830620e+000
      0  1.35195548e-001  6.86393563e+000  -5.77349722e+000
      0  3.54336048e+000  -4.97947863e+000  5.15128260e+000
      0  2.77553167e+000  1.26320905e+000  1.47604325e+000
      0  4.64426541e-001  1.53758940e-001  1.04157246e+000
      0  2.48838452e-001  -5.25480857e+000  -3.43944447e+000
      0  2.58462934e+000  1.33821435e+000  -3.77213266e+000
      0  -4.97285279e+000  -9.34579451e-001  -3.23531057e+000
      0  -3.31414734e+000  6.09357192e+000  -6.80735618e+000
      0  -3.63285894e+000  -5.14942606e+000  1.59627443e+000
      0  4.56862323e+000  6.22652609e+000  4.23157933e+000
      0  -1.82803080e+000  -7.43183110e-001  4.65573218e+000
      0  4.05233073e-001  3.72354707e-001  -3.95722636e-001
      0  -2.42823589e-001  1.93432667e+000  -1.16778476e+000
      0  4.58428593e+000  -5.71097731e+000  -2.80123113e+000
      0  2.16619222e+000  6.00562052e-001  -6.23354881e+000
      0  -6.63141803e+000  3.07166885e+000  -2.15472462e+000
      0  -6.88558113e+000  -6.65910703e+000  -5.21967639e+000
      0  -2.14225147e+000  -1.26561669e+000  -3.53597348e-001
      0  2.22827397e+000  5.12563626e+000  5.23173654e-001
      0  -6.76277139e+000  -3.10104637e+000  4.66328278e+000
      0  -6.91063212e+000  6.56678974e+000  5.70828814e+000
      0  3.79360217e+000  1.70839920e+000  3.17953265e+000
      0  -3.61190371e+000  -6.46160185e+000  4.10122811e+000
      0  1.13411759e+000  -5.56765798e+000  1.65567076e-001
      0  -9.10338887e-001  6.22242151e+000  6.75225407e+000
      0  7.17396983e-002  3.71615870e+000  -2.85162558e+000
      0  -4.95844882e+000  2.71366852e+000  9.79606642e-001
      0  -6.80513337e+000  4.32320294e+000  4.52937436e+000
      0  3.86614644e+000  6.35301996e+000  -2.53941054e+000
      0  -6.76709252e+000  -3.31791308e+000  6.03521545e+000
      0  1.72910980e+000  -5.27114328e+000  6.12350307e+000
      0  -5.48838100e+000  1.07654432e+000  2.59122283e+000
      0  1.35890320e+000  2.78057217e+000  -7.48700469e-001
      0  -1.96202243e+000  -3.37322411e+000  -2.65588674e+000
      0  -2.79351792e+000  -4.86092271e+000  5.34439527e+000
